0.362 0.37 10.886 20
0.361 0.395 11.128 20
0.292 0.438 11.069 21
0.331 0.414 11.041 19
0.361 0.382 11.1 20
0.337 0.409 11.038 21
0.322 0.431 11.048 19
0.348 0.425 11.158 21
0.295 0.389 11.117 20
0.342 0.419 11.066 19
0.355 0.409 11.074 21
0.301 0.417 11.082 19
0.329 0.409 11.069 20
0.319 0.397 11.067 20
0.329 0.402 11.115 20
0.372 0.417 11.088 20
0.338 0.396 11.073 20
0.35 0.417 11.097 21
0.358 0.393 11.082 19
0.34 0.389 11.059 20
0.346 0.445 11.094 20
0.341 0.419 11.067 22
-0.313 0.05 9.16 19
0.736 0.603 11.757 19
0.231 0.379 10.905 20
0.348 0.385 10.869 21
0.282 0.376 10.953 19
0.389 0.452 11.384 20
0.313 0.401 10.912 20
0.328 0.378 11.066 20
0.361 0.413 11.1 21
0.316 0.429 11.075 19
0.354 0.413 11.093 20
0.302 0.417 11.103 20
0.332 0.398 11.068 20
0.331 0.421 11.092 21
0.329 0.41 11.064 20
0.328 0.411 11.051 19
0.349 0.413 11.038 20
0.347 0.399 11.117 20
0.317 0.429 11.082 21
0.331 0.438 11.115 19
0.329 0.423 11.068 21
0.319 0.372 11.082 19
0.326 0.401 11.105 20
0.334 0.396 11.066 21
0.328 0.396 11.051 19
0.314 0.396 11.118 21
0.343 0.426 11.017 19
0.313 0.393 11.051 20
0.311 0.433 11.094 21
0.316 0.417 11.056 20
0.34 0.398 11.082 19
0.356 0.393 11.06 20
0.356 0.423 11.105 20
0.316 0.398 11.07 21
0.304 0.404 11.111 19
0.332 0.393 11.069 20
0.367 0.419 11.111 20
0.35 0.425 11.108 20
0.354 0.426 11.093 20
0.326 0.403 11.057 21
0.312 0.38 11.111 19
0.328 0.403 11.104 21
0.302 0.393 11.105 19
0.302 0.364 11.084 21
0.331 0.41 11.019 19
0.335 0.396 11.103 20
0.335 0.414 11.104 20
0.332 0.392 11.051 20
0.33 0.431 11.062 21
0.332 0.438 11.072 20
0.33 0.408 11.039 19
0.334 0.468 11.111 20
0.317 0.407 11.044 20
0.31 0.417 11.057 20
0.326 0.427 11.117 20
0.319 0.401 11.117 20
0.312 0.414 11.053 20
0.318 0.421 11.054 20
0.329 0.389 11.11 21
0.316 0.382 11.085 20
0.322 0.409 11.106 19
0.305 0.421 11.025 20
0.334 0.403 11.085 20
0.317 0.401 11.1 21
0.358 0.399 11.118 19
0.33 0.441 11.102 20
0.332 0.42 11.056 20
0.292 0.391 11.053 20
0.318 0.407 11.066 20
0.319 0.393 11.108 21
0.311 0.409 11.088 19
0.328 0.422 11.075 20
0.325 0.416 11.027 20
0.314 0.41 11.096 20
0.314 0.427 11.102 20
0.325 0.409 11.044 20
0.293 0.401 11.085 20
0.343 0.429 11.049 20
0.335 0.432 11.098 20
0.313 0.391 11.08 20
0.325 0.42 11.092 20
0.316 0.395 11.097 20
0.364 0.404 11.066 20
0.32 0.391 11.082 20
0.348 0.404 11.082 20
0.328 0.39 11.039 20
0.299 0.378 11.05 20
0.311 0.404 11.049 20
0.318 0.411 11.068 20
0.323 0.422 11.085 21
0.341 0.422 11.064 19
0.344 0.426 11.056 20
0.311 0.405 11.075 20
0.31 0.386 11.079 20
0.338 0.432 11.106 20
0.328 0.453 11.106 20
0.318 0.401 11.055 20
0.314 0.408 11.054 20
0.323 0.427 11.088 20
0.316 0.396 11.068 20
0.335 0.367 11.067 20
0.298 0.407 11.076 20
0.329 0.423 11.049 20
0.328 0.413 11.08 20
0.322 0.383 11.087 20
0.336 0.408 11.09 20
0.324 0.398 11.086 20
0.323 0.431 11.06 20
0.324 0.419 11.091 20
0.328 0.38 11.05 30
0.316 0.399 11.055 20
0.296 0.417 11.039 20
0.313 0.427 11.07 20
0.331 0.435 11.106 20
0.331 0.416 11.049 20
0.314 0.417 11.062 20
0.33 0.401 11.061 20
0.316 0.395 11.055 20
0.354 0.42 11.075 20
0.304 0.434 11.102 20
0.312 0.437 11.105 21
0.301 0.414 11.1 19
0.33 0.385 11.114 20
0.325 0.391 11.078 20
0.307 0.438 11.082 20
0.326 0.395 11.114 20
0.344 0.427 11.084 20
0.32 0.399 11.029 20
0.318 0.386 11.062 20
0.361 0.456 11.061 20
0.368 0.387 11.094 21
0.317 0.425 11.072 20
0.322 0.397 11.063 19
0.343 0.374 11.043 20
0.323 0.407 11.074 20
0.338 0.403 11.047 20
0.326 0.405 11.098 20
0.313 0.408 11.066 20
0.319 0.391 11.064 20
0.348 0.402 11.117 20
0.342 0.446 11.048 21
0.314 0.39 11.064 19
0.307 0.384 11.074 20
0.341 0.391 11.092 20
0.337 0.42 11.088 20
0.348 0.407 11.102 20
0.341 0.384 11.054 20
0.346 0.413 11.075 20
0.335 0.428 11.097 20
0.324 0.404 11.075 20
0.344 0.405 11.059 21
0.308 0.413 11.044 19
0.335 0.401 11.064 20
0.311 0.374 11.118 20
0.343 0.434 11.079 21
0.324 0.402 11.09 19
0.33 0.411 11.105 20
0.301 0.401 11.099 20
0.343 0.42 11.093 20
0.318 0.404 11.033 20
0.32 0.395 11.072 21
0.323 0.415 11.09 20
0.342 0.41 11.102 20
0.324 0.414 11.121 19
0.329 0.408 11.038 20
0.319 0.437 11.075 20
0.331 0.409 11.05 20
0.325 0.396 11.079 20
0.331 0.36 11.087 21
0.419 0.275 10.165 19
0.391 0.451 11.952 21
0.441 0.549 11.437 19
0.246 0.238 9.548 21
0.335 0.52 11.715 19
0.376 0.422 10.987 20
