0.3 0.378 11.122 20
0.383 0.374 11.088 21
0.302 0.358 11.109 19
0.307 0.395 10.989 20
0.282 0.425 11.025 20
0.356 0.392 11.088 20
0.331 0.409 11.17 20
0.323 0.416 11.013 20
0.311 0.415 11.099 20
0.344 0.379 11.086 20
0.343 0.358 11.079 20
0.341 0.39 11.064 20
0.342 0.411 11.091 20
0.342 0.405 11.087 20
0.323 0.378 11.056 20
0.31 0.42 11.109 21
0.338 0.395 11.073 19
0.313 0.41 11.079 21
0.347 0.378 11.102 19
0.323 0.389 11.057 20
0.325 0.391 11.079 20
0.3 0.431 11.092 21
0.316 0.399 11.111 19
0.342 0.378 11.103 20
0.34 0.387 11.043 20
0.337 0.384 11.082 20
0.344 0.371 11.092 21
0.349 0.395 11.043 20
0.32 0.368 11.087 19
0.319 0.391 11.038 21
0.317 0.382 11.048 19
0.296 0.409 11.049 20
0.317 0.368 11.08 21
0.31 0.417 11.064 19
0.337 0.426 11.073 20
0.343 0.385 11.076 20
0.316 0.366 11.104 20
0.331 0.407 11.097 20
0.322 0.382 11.085 20
0.332 0.398 11.097 21
0.341 0.389 11.121 19
-0.021 0.142 9.038 21
0.639 0.652 12.408 19
0.761 0.609 11.342 20
0.228 0.402 11.408 20
0.188 0.263 10.057 20
0.319 0.434 11.29 20
0.379 0.449 11.09 21
0.337 0.35 10.954 19
0.326 0.398 11.069 20
0.337 0.416 11.126 20
0.334 0.419 11.033 20
0.356 0.371 11.13 20
0.341 0.397 11.036 20
0.334 0.401 11.128 21
0.329 0.372 11.055 19
0.317 0.403 11.085 20
0.356 0.373 11.056 20
0.347 0.396 11.123 20
0.325 0.391 11.079 20
0.35 0.397 11.114 20
0.338 0.372 11.128 20
0.311 0.402 11.061 20
0.308 0.386 11.07 21
0.326 0.426 11.1 20
0.335 0.396 11.078 19
0.329 0.391 11.094 20
0.337 0.391 11.039 21
0.313 0.392 11.092 19
0.331 0.395 11.105 20
0.335 0.386 11.106 20
0.34 0.403 11.129 20
0.323 0.398 11.09 21
0.313 0.423 11.102 21
0.337 0.368 11.122 19
0.305 0.41 11.084 19
0.326 0.383 11.08 20
0.305 0.403 11.057 21
0.32 0.379 11.092 19
0.318 0.408 11.066 21
0.306 0.382 11.082 19
0.335 0.371 11.07 20
0.319 0.393 11.067 21
0.329 0.407 11.106 19
0.33 0.399 11.075 20
0.342 0.379 11.068 20
0.307 0.376 11.128 20
0.332 0.408 11.081 20
0.326 0.449 11.094 20
0.335 0.405 11.066 21
0.335 0.395 11.044 19
0.334 0.379 11.078 20
0.318 0.423 11.054 20
0.328 0.366 11.079 20
0.34 0.382 11.11 21
0.312 0.367 11.14 20
0.324 0.382 11.062 19
0.288 0.387 11.075 20
0.322 0.404 11.076 20
0.342 0.384 11.09 20
0.335 0.408 11.079 23
0.323 0.428 11.135 17
0.332 0.407 11.039 21
0.306 0.413 11.091 19
0.341 0.386 11.075 21
0.343 0.401 11.088 19
0.319 0.425 11.066 20
0.323 0.38 11.118 20
0.319 0.397 11.112 20
0.341 0.384 11.075 20
0.301 0.403 11.051 20
0.341 0.404 11.091 20
0.312 0.391 10.991 21
0.304 0.392 11.075 19
0.306 0.407 11.079 21
0.31 0.395 11.063 19
0.329 0.401 11.049 20
0.316 0.396 11.059 21
0.332 0.438 11.06 19
0.344 0.385 11.059 20
0.313 0.411 11.116 20
0.322 0.389 11.079 20
0.32 0.397 11.06 20
0.322 0.403 11.098 20
0.34 0.401 11.06 20
0.341 0.382 11.098 20
0.326 0.402 11.102 20
0.306 0.395 11.093 21
0.33 0.393 11.086 19
0.336 0.401 11.074 21
0.323 0.414 11.079 19
0.311 0.386 11.059 20
0.344 0.396 11.067 21
0.316 0.397 11.111 20
0.343 0.376 11.098 19
0.314 0.359 11.103 20
0.319 0.372 11.104 20
0.313 0.397 11.044 21
0.335 0.422 11.084 19
0.338 0.407 11.118 21
0.34 0.409 11.068 19
0.312 0.402 11.112 20
0.334 0.372 11.078 21
0.34 0.409 11.063 19
0.338 0.408 11.102 21
0.341 0.383 11.08 19
0.35 0.367 11.085 20
0.326 0.377 11.123 21
0.331 0.409 11.074 19
0.349 0.395 11.088 21
0.32 0.396 11.072 20
0.358 0.405 11.074 19
0.323 0.395 11.073 21
0.347 0.422 11.105 20
0.34 0.398 11.092 19
0.335 0.404 11.088 20
0.346 0.387 11.067 20
0.307 0.399 11.045 21
0.346 0.398 11.115 19
0.314 0.402 11.097 20
0.343 0.419 11.115 20
0.337 0.404 11.108 20
0.326 0.396 11.09 21
0.348 0.39 11.067 19
0.337 0.397 11.057 21
0.324 0.395 11.081 19
0.344 0.383 11.078 20
0.325 0.377 11.044 21
0.348 0.374 11.087 20
0.33 0.376 11.118 20
0.337 0.368 11.129 19
0.329 0.389 11.063 22
0.332 0.383 11.085 19
0.332 0.39 11.085 19
0.33 0.39 11.082 21
0.324 0.422 11.09 19
0.319 0.399 11.093 20
0.336 0.384 11.075 22
0.324 0.377 11.087 18
0.32 0.395 11.109 21
0.313 0.401 11.07 19
0.373 0.455 12.028 20
0.267 0.41 11.518 20
0.457 0.42 10.788 20
0.273 0.407 10.92 20
0.253 0.386 11.148 20
0.35 0.374 11.111 20
