-0.172 -1.317 11.357 20
-0.536 -1.316 11.248 20
-0.7 -1.143 10.726 21
-0.714 -1.335 10.351 19
-0.403 -1.308 10.632 21
-0.438 -1.222 10.912 19
-0.578 -1.346 11.79 20
0.01 -1.474 10.954 21
0.113 -1.416 11.2 19
0.535 -1.389 11.151 21
0.312 -1.494 10.903 20
0.021 -1.566 10.736 19
0.314 -1.597 10.916 21
0.359 -1.392 10.938 20
0.475 -1.35 11.099 20
0.12 -1.483 11.333 19
-0.053 -1.563 11.153 21
0.319 -1.427 10.623 20
0.155 -1.749 10.703 20
0.292 -1.523 11.029 20
0.64 -1.357 11.067 20
0.426 -1.244 11.118 19
0.068 -1.756 10.612 21
0.192 -1.589 10.94 20
-0.01 -1.526 10.718 19
-0.032 -1.524 10.735 20
0.185 -1.35 10.626 21
0.122 -1.423 10.685 20
0.172 -1.486 10.589 19
0.245 -1.633 10.623 20
0.112 -1.59 10.908 21
0.183 -1.456 10.817 20
0.034 -1.646 10.456 20
-0.07 -1.785 10.68 19
-0.028 -1.64 10.839 20
0.15 -1.882 11.08 29
0.361 -1.718 10.253 32
0.366 -1.801 10.681 19
0.317 -1.926 10.59 21
-0.013 -1.997 9.617 20
-0.273 -1.972 9.002 20
-0.058 -2.501 9.887 20
0.065 -2.84 11.043 20
0.04 -2.751 10.956 20
-0.056 -2.792 10.269 19
-0.234 -2.918 10.152 21
0.075 -2.955 10.102 20
-0.17 -3.272 10.449 19
-0.389 -3.084 10.673 20
-0.257 -3.264 11.061 20
-0.325 -3.02 10.765 20
-0.593 -3.448 10.873 20
-0.777 -2.864 12.297 20
-0.962 -2.882 12.529 21
-0.85 -2.751 12.105 19
-0.904 -3.041 12.628 20
-0.135 -2.062 12.668 20
-0.779 -2.48 12.278 20
-0.564 -2.733 11.975 20
-0.661 -2.416 11.864 21
-0.731 -2.624 11.349 19
-0.856 -2.651 10.932 22
-0.73 -2.914 10.824 19
-0.397 -2.605 10.603 20
-0.669 -2.767 10.338 20
-0.336 -2.905 10.278 20
-0.146 -2.844 11.231 20
-0.129 -2.675 11.153 20
-0.257 -2.773 10.87 20
0.182 -2.616 10.79 20
-0.014 -2.258 10.351 25
-0.014 -2.258 10.351 15
0.051 -2.384 10.075 20
0.041 -2.087 10.255 20
-0.062 -2.236 11.372 19
0.386 -1.983 11.437 21
0.387 -1.583 11.302 20
-0.089 -1.864 10.772 20
0.055 -1.528 10.595 20
-0.074 -1.414 10.528 20
-0.323 -1.517 10.566 20
-0.536 -1.357 10.644 20
-0.279 -1.174 10.517 20
-0.444 -1.116 10.702 19
-0.718 -1.265 10.853 21
-0.609 -1.326 10.723 20
-0.475 -1.361 10.571 20
-0.554 -1.379 10.984 19
-0.573 -1.551 11.049 20
-0.032 -1.342 10.872 21
-1.561 -1.888 9.038 19
0.229 -1.3 11.83 21
0.856 -1.407 10.891 20
0.486 -1.295 10.703 20
0.631 -1.572 10.73 20
1.287 -1.518 10.794 20
1.334 -1.505 10.558 20
0.949 -1.429 10.235 20
1.01 -1.383 10.126 20
1.201 -1.307 10.135 20
1.047 -1.677 9.657 19
1.069 -1.862 9.572 21
1.371 -2.349 9.184 20
1.59 -2.579 8.721 19
1.26 -3.363 7.72 20
1.979 -3.963 6.714 21
1.135 -5.346 7.074 20
2.024 -5.689 6.914 19
1.692 -6.568 7.964 20
1.475 -6.914 7.5 21
0.87 -7.928 6.594 19
0.162 -8.917 6.573 21
0.676 -8.534 6.453 20
0.441 -9.352 7.449 19
-0.007 -9.854 8.527 20
-0.787 -9.972 8.393 21
-0.546 -10.217 8.578 20
-0.537 -9.954 9.113 19
-1.653 -10.336 9.165 21
-2.195 -9.29 8.321 20
-2.286 -9.601 9.601 20
-1.738 -9.457 11.726 19
-1.137 -8.771 13.147 21
-1.513 -8.292 13.74 20
-1.771 -7.606 15.071 20
-0.239 -6.219 16.639 20
-0.198 -5.781 16.281 20
-0.079 -5.384 15.621 20
-0.083 -4.517 15.217 20
-0.54 -4.285 14.482 20
-0.905 -4.695 14.209 20
-0.971 -5.416 14.002 20
-1.759 -6.734 14.36 20
-2.064 -7.564 15.137 19
-1.797 -8.595 16.417 20
-1.195 -9.918 17.436 21
-1.468 -11.049 17.616 20
-1.292 -11.966 17.468 20
-0.833 -12.48 16.732 19
-0.488 -13.056 15.209 21
-0.559 -13.741 13.334 20
-0.015 -13.622 11.048 20
0.337 -13.632 9.558 20
1.174 -13.075 7.526 20
0.531 -12.815 5.337 20
0.331 -11.42 2.281 20
0.552 -10.006 0.156 20
0.949 -8.914 -0.653 20
0.706 -8.644 -1.187 20
1.816 -8.119 -1.973 20
1.665 -8.254 -2.342 19
1.556 -8.787 -1.741 21
1.312 -8.434 -1.789 20
1.353 -8.829 -1.942 19
0.51 -10.231 -1.435 21
0.423 -10.547 0.567 20
0.263 -11.799 2.718 20
0.14 -12.437 4.465 19
0.512 -13.415 6.573 20
0.251 -14.631 8.44 21
-1.028 -15.082 10.876 20
-1.544 -15.147 14.006 20
-1.942 -14.904 16.04 20
-1.992 -14.191 17.48 19
-1.56 -12.516 18.112 20
-1.559 -10.783 18.471 20
-2.042 -9.192 18.694 20
-1.523 -6.986 19.016 21
-1.853 -5.034 18.694 20
-2.868 -2.915 17.785 20
-2.994 -0.985 17.772 19
-3.288 -0.198 18.796 21
-2.663 -0.138 19.313 20
-3.142 -1.204 18.481 30
-3.653 -2.227 17.548 20
-4.087 -3.866 17.118 19
-3.937 -5.603 16.828 21
-3.398 -7.806 16.674 20
-2.86 -9.644 16.731 20
-2.436 -11.824 17.446 19
-1.542 -13.257 17.557 21
-0.632 -15.507 16.244 20
-0.096 -16.384 13.483 20
0.328 -16.332 11.108 20
1.027 -15.385 9.007 19
1.704 -14.953 6.71 20
1.868 -13.978 5.47 21
1.816 -13.851 4.457 19
1.98 -13.129 3.022 20
2.155 -11.821 1.542 20
1.997 -10.485 -0.023 20
1.592 -9.95 -1.889 21
1.165 -10.164 -3.283 19
0.692 -9.433 -3.776 20
1.343 -9.242 -2.914 20
1.657 -9.201 -2.216 20
1.088 -9.856 -1.037 21
0.953 -10.735 0.74 19
0.457 -11.567 2.356 21
0.39 -12.087 3.93 19
0.152 -12.582 5.533 20
-0.141 -13.674 7.373 21
-0.998 -14.35 9.399 19
-1.759 -14.867 11.109 20
-1.508 -14.521 12.945 20
-3.149 -13.382 15.961 25
-3.324 -12.133 17.925 16
-2.787 -10.461 19.203 20
-2.226 -8.905 19.619 21
-1.694 -6.945 19.619 18
-1.234 -4.733 19.6 21
-2.203 -2.924 19.199 20
-2.823 -1.14 19.611 19
-2.727 -0.229 19.619 20
-2.387 -0.258 19.076 20
-1.683 -1.316 18.041 20
-1.465 -3.024 16.864 20
-1.568 -4.905 16.029 20
-2.729 -7.1 16.058 21
-2.742 -8.715 15.673 29
-2.571 -10.906 15.747 21
-2.093 -13.062 15.604 20
-2.235 -15.12 14.912 19
-1.698 -15.998 13.87 20
-0.975 -17.551 12.293 21
-0.675 -18.448 10.87 20
-0.335 -18.67 8.982 20
0.172 -17.772 6.696 19
0.949 -16.105 5.27 21
0.84 -14.288 3.071 20
1.157 -11.73 1.887 20
1.512 -7.064 3.008 20
1.73 -5.266 4.132 20
1.434 -3.917 5.328 19
1.422 -3.1 5.726 21
1.888 -1.694 6.436 20
1.822 -1.163 7.047 20
1.892 -0.568 7.949 20
1.817 -0.308 8.778 20
1.203 0.045 9.12 20
0.839 0.059 9.283 20
0.894 0.156 9.636 20
0.525 0.035 10.151 20
0.943 0.101 10.851 20
1.06 0.159 11.169 20
0.544 0.234 11.033 20
0.189 0.317 10.615 19
-0.044 0.241 10.698 20
-0.219 0.045 10.971 21
-0.324 0.141 11.446 19
-0.093 0.216 11.189 21
0.089 0.283 10.825 20
-0.058 0.244 10.603 19
0.124 0.302 10.648 20
0.128 0.355 10.443 21
-0.047 0.456 10.746 20
0.135 0.407 10.514 19
-0.325 0.898 11.407 21
0.276 0.385 11.533 20
0.211 0.416 11.223 19
-0.162 0.299 11.262 21
-0.116 0.202 11.533 19
