-0.61 0.737 10.789 20
-1.099 0.716 11.245 20
-1.276 0.58 10.951 20
-1.001 0.687 10.781 20
-0.856 0.707 10.929 20
-0.62 0.653 11.108 20
-0.498 0.579 11.306 21
-0.675 0.61 10.999 20
-0.494 0.577 10.915 19
-0.331 0.738 11.025 20
-0.355 0.781 10.996 20
-0.37 0.737 11.018 21
-0.463 0.728 10.904 20
-0.464 0.716 11.001 20
-0.602 0.724 11.068 20
-0.44 0.565 10.964 19
-0.504 0.552 10.979 20
-0.459 0.682 10.814 20
-0.474 0.683 11.067 20
-0.52 0.707 11.051 20
-0.544 0.718 11.075 21
-0.628 0.659 10.984 20
-0.484 0.689 10.994 19
-0.561 0.662 11.043 20
-0.572 0.615 11.175 21
-0.592 0.73 11.064 19
-0.661 0.667 10.933 21
-0.711 0.632 11.23 20
-0.638 0.659 10.972 19
-0.429 0.681 10.687 20
-0.392 0.67 10.728 21
-0.734 0.556 11.207 20
-0.744 0.605 11.196 20
-0.641 0.59 11.145 20
-0.565 0.587 11.159 20
-0.523 0.61 11.092 19
-0.602 0.592 11.047 20
-0.665 0.634 11.124 21
-0.622 0.555 11.157 20
-0.716 0.439 9.814 19
-0.487 0.753 11.23 21
-0.536 0.754 10.991 20
-0.476 0.574 11.908 20
-0.329 0.531 11.468 20
-0.047 0.407 11.348 19
-0.851 0.668 10.231 20
-0.934 0.562 10.847 20
-0.985 0.595 10.629 21
-0.96 0.561 11.256 20
-0.592 0.69 11.278 19
-0.401 0.655 10.987 20
-0.29 0.718 11.169 20
-0.386 0.593 11.061 21
-0.294 0.501 11.2 20
-0.298 0.342 11.078 20
0.059 0.45 11.566 19
0.056 0.502 11.209 21
0.221 0.419 10.967 20
-0.089 0.473 11.086 19
-0.114 0.353 10.95 21
-0.059 0.536 11.112 19
0.142 0.65 11.397 20
0.132 0.687 11.328 20
0.069 0.76 11.505 21
0.191 0.823 11.383 20
0.074 0.899 11.053 20
-0.046 0.796 11.134 20
-0.196 1.04 11.023 20
0.561 1.09 11.165 20
0.681 1.007 10.897 19
0.643 1.074 10.697 21
1.052 0.901 10.564 20
0.58 0.924 10.914 20
1.075 0.943 10.09 20
1.282 0.71 9.562 20
1.311 0.167 9.307 19
2.166 0.281 8.096 20
2.683 -0.513 7.632 22
2.199 -1.835 7.388 19
2.567 -3.19 5.066 19
2.676 -4.02 4.996 20
2.527 -5.543 5.477 20
2.527 -6.898 5.376 20
1.607 -7.497 4.593 21
1.252 -9.128 5.012 19
1.465 -10.442 7.653 20
1.341 -11.003 8.01 20
0.128 -12.088 7.258 21
0.268 -12.957 7.193 19
0.814 -13.257 8.333 20
0.041 -13.789 9.377 20
-0.924 -13.721 8.816 20
-1.556 -14.036 9.643 20
-1.705 -14.124 11.31 21
-2.221 -13.409 12.767 20
-3.011 -12.315 14.809 19
-3.057 -11.412 15.656 20
-2.1 -10.121 17.092 21
-1.405 -8.456 17.664 20
-1.324 -6.712 17.682 19
-1.064 -5.047 17.95 20
-1.195 -3.709 19.043 20
-1.756 -2.608 18.979 20
-1.785 -2.147 18.044 21
-1.941 -2.556 17.519 20
-2.581 -3.86 17.076 19
-2.58 -5.512 16.793 20
-3.077 -7.181 16.898 21
-3.415 -8.635 17.533 20
-3.555 -10.364 18.373 19
-2.933 -12.073 17.762 20
-2.498 -13.646 16.322 20
-1.246 -14.585 16.019 20
0.445 -14.989 15.354 21
1.511 -16.131 12.468 20
1.163 -15.815 10.939 19
1.275 -14.974 9.704 20
1.572 -13.739 8.035 21
2.895 -12.548 4.9 20
3.463 -11.1 1.912 19
2.554 -10.981 -0.034 21
3.285 -9.426 -2.248 20
3.556 -9.51 -2.462 20
3.778 -9.074 -2.833 20
3.362 -8.921 -2.882 20
1.984 -9.199 -3.374 20
2.427 -9.195 -2.862 19
2.869 -9.79 -1.799 21
2.866 -10.272 -0.135 21
3.143 -11.503 1.444 19
2.739 -12.758 4.251 20
2.644 -13.549 6.866 20
1.949 -14.647 8.972 20
1.547 -15.082 10.272 20
1.312 -15.227 11.599 20
0.378 -15.73 13.475 20
-1.089 -16.535 15.839 20
-1.653 -16.069 17.257 20
-1.276 -14.252 17.715 20
-1.62 -12.221 18.507 19
-2.221 -10.236 18.793 21
-2.657 -8.255 19.115 19
-2.318 -6.34 19.619 21
-1.707 -4.003 19.108 20
-1.592 -2.727 17.913 20
-2.617 -1.561 16.899 20
-2.842 -0.677 17.295 19
-2.635 -0.496 17.938 21
-1.967 -1.197 17.712 19
-1.778 -2.505 17.23 20
-1.762 -4.332 17.179 20
-2.435 -6.156 16.892 20
-3.307 -8.002 16.858 20
-3.338 -9.72 16.916 21
-2.494 -11.34 17.245 19
-1.153 -12.828 17.458 20
0.467 -13.697 16.547 20
1.368 -14.646 15.531 21
2.498 -15.785 14.662 19
2.58 -15.979 12.839 20
2.902 -16.393 10.511 21
3.655 -15.02 8.389 20
3.282 -14.087 7.059 20
3.693 -12.664 3.241 20
3.952 -11.33 1.245 20
3.297 -10.817 0.086 19
3.366 -9.905 -0.813 20
3.724 -9.222 -1.969 21
3.695 -9.16 -2.877 20
3.463 -9.556 -3.568 19
3.068 -10.336 -3.272 21
3.072 -10.729 -1.85 19
3.074 -11.261 -0.328 21
2.956 -12.194 1.67 20
2.972 -13.018 4.287 20
2.193 -13.94 6.694 20
2.379 -14.463 8.178 20
2.098 -15.173 9.752 20
0.455 -15.934 11.467 20
-0.568 -15.532 13.013 19
-1.21 -15.422 15.24 20
-1.257 -14.771 16.892 20
-0.795 -14.153 18.409 20
-0.633 -12.634 19.515 21
-1.328 -11.373 19.352 19
-1.427 -9.502 18.901 20
-2.106 -7.636 18.36 20
-2.241 -5.419 18.252 21
-1.955 -2.99 18.191 20
-1.993 -1.483 18.253 19
-2.692 -0.496 18.706 21
-2.359 -0.564 17.603 19
-2.472 -0.892 16.927 20
-2.083 -1.985 16.648 20
-2.198 -3.279 16.119 20
-3.066 -5.089 16.134 20
-3.324 -7.164 16.687 20
-2.503 -9.713 17.372 21
-1.86 -12.528 18.521 20
-1.396 -15.196 19.349 19
-0.104 -17.233 19.076 20
0.377 -19.62 18.022 20
0.853 -19.62 15.536 20
2.113 -19.62 12.513 21
2.592 -19.62 9.419 19
3.214 -19.62 6.404 20
3.67 -17.921 3.221 20
2.919 -15.799 0.714 21
2.084 -14.167 -0.441 20
1.027 -12.531 0.034 19
0.882 -10.371 2.096 21
1.591 -4.785 3.764 20
2.315 -2.719 4.501 20
2.374 -1.14 5.239 29
2.875 -0.035 7.049 22
2.342 1.32 8.931 28
1.379 1.874 9.362 21
-0.001 1.281 9.97 20
0.105 1.669 10.144 19
0.698 1.62 10.433 21
0.832 1.305 10.368 20
1.171 1.233 10.365 20
0.752 1.221 10.927 20
1.142 1.45 10.532 20
1.059 1.348 10.268 20
0.864 1.375 10.292 20
0.13 1.355 11.175 20
-0.174 1.175 11.185 20
0.216 1.229 10.477 19
0.166 1.28 10.217 21
0.258 1.496 8.121 20
-0.149 1.532 12.432 20
0.399 1.296 12.416 19
0.001 1.288 11.487 20
-0.336 1.245 10.532 20
0.014 1.609 10.55 20
-0.165 1.478 11.035 21
