-0.604 1.027 10.884 21
-0.474 1.3 11.403 19
-0.401 1.447 11.443 20
-0.282 1.278 11.248 20
-0.365 1.213 10.744 22
-0.437 1.257 10.882 18
0.049 1.513 11.092 20
-0.371 1.276 11.139 23
-0.083 1.38 11.294 18
0.28 1.544 11.609 20
0.091 1.502 11.128 19
-0.085 1.414 11.482 20
-0.319 1.547 11.717 21
-0.334 1.722 11.823 20
-0.189 1.584 11.632 20
-0.026 1.593 11.429 20
-0.249 1.453 11.491 20
-0.514 1.241 11.003 19
-0.325 1.548 10.904 21
-0.225 1.664 10.941 20
-0.496 1.553 10.748 19
-0.574 1.513 10.809 21
-0.453 1.748 10.91 20
-0.523 1.654 10.657 20
-0.595 1.492 10.025 20
-0.407 1.602 10.027 20
-0.414 1.744 10.504 20
-0.565 1.548 10.742 19
-0.55 1.669 10.905 21
-0.404 1.822 10.407 22
-0.513 1.765 10.221 17
-0.45 1.75 10.566 20
-0.626 1.76 10.321 20
-0.263 1.807 10.346 21
-0.343 1.668 10.36 19
-0.265 1.714 10.558 20
-0.615 1.851 9.09 20
-0.645 1.718 9.917 20
-0.72 1.9 11.442 21
-0.336 2.083 11.946 20
-0.307 2.36 11.517 19
-0.221 2.082 11.03 20
-0.523 2.033 12.116 20
-0.785 1.795 11.619 21
-0.732 2.042 10.384 20
-1.049 1.726 10.038 19
0.207 1.678 11.072 20
0.755 2.248 11.745 20
0.292 2.021 11.846 21
-0.052 1.829 11.185 20
0.039 2.166 10.978 19
0.096 2.138 11.709 21
0.021 1.927 11.472 19
-0.168 2.032 11.388 21
0.003 2.202 11.595 21
0.106 2.418 11.602 19
-0.259 2.246 11.787 20
-0.074 2.25 11.83 20
-0.129 1.942 11.384 20
-0.398 1.402 11.317 20
-0.074 1.534 10.988 21
0.149 1.585 10.999 19
0.314 1.464 10.11 20
0.376 1.453 8.88 20
0.372 1.438 9.605 20
0.237 1.579 9.513 19
0.065 1.254 9.365 21
0.0 1.226 9.835 19
0.144 1.773 10.861 21
0.301 1.543 11.504 20
0.152 1.577 11.207 19
0.429 1.639 10.322 20
0.185 1.531 10.097 21
-0.11 1.651 10.643 20
-0.172 2.057 11.176 20
0.33 2.178 11.686 19
0.243 1.888 10.944 20
-0.002 1.689 10.575 20
0.268 1.67 10.546 21
-0.252 1.421 10.193 20
-0.302 1.472 10.639 19
-0.542 1.41 11.957 20
-0.056 1.664 11.25 21
-0.019 1.5 11.171 20
0.129 1.3 11.053 20
0.069 1.187 10.141 19
0.216 1.124 10.17 20
0.423 1.178 10.412 20
0.204 1.045 10.6 20
0.219 0.894 10.947 20
0.153 0.837 11.754 20
0.174 0.92 11.733 20
0.617 0.896 10.772 20
0.383 0.556 9.988 21
0.362 0.293 9.916 20
0.57 0.804 11.311 19
0.395 0.584 11.523 20
0.027 0.302 11.391 20
0.255 0.655 11.285 21
0.064 0.564 11.012 20
0.086 0.395 10.766 19
0.008 0.093 11.881 20
0.324 0.292 11.773 20
0.344 0.354 11.906 21
0.267 0.615 11.353 20
0.164 0.499 10.758 19
0.096 0.496 11.28 20
0.104 0.346 12.048 20
0.305 0.304 12.225 21
0.456 0.211 11.965 20
0.684 0.208 10.769 19
0.371 -0.005 10.237 20
0.743 -0.051 10.275 20
0.904 -0.385 10.174 21
0.923 -1.01 9.727 19
0.87 -1.134 10.077 20
1.084 -1.268 9.435 20
1.15 -1.568 9.269 20
1.084 -1.771 9.083 20
1.102 -1.96 7.988 20
1.472 -2.001 7.191 20
1.204 -2.665 7.301 20
1.11 -2.924 7.672 20
1.016 -3.168 8.108 21
1.229 -3.557 9.344 23
0.337 -4.324 9.915 16
0.644 -3.964 9.028 20
1.259 -3.675 10.069 20
1.126 -3.778 9.269 21
1.268 -4.721 7.974 19
1.06 -5.064 7.272 20
0.602 -6.194 8.897 20
0.823 -5.913 11.966 20
0.833 -5.882 12.547 20
0.682 -6.1 10.654 21
0.565 -5.973 10.891 19
0.252 -5.618 11.221 20
-0.096 -6.246 9.764 20
-0.524 -6.017 11.684 21
-0.88 -5.686 12.427 20
-0.518 -5.455 14.382 20
-0.901 -4.931 17.193 19
0.152 -3.92 17.703 21
0.519 -2.706 18.9 20
0.421 -2.515 18.542 20
-0.177 -3.115 18.448 19
-0.065 -2.877 19.324 21
0.324 -2.86 18.283 20
0.046 -3.7 17.585 20
-0.07 -4.108 15.578 20
-0.742 -4.478 14.841 19
-0.159 -4.151 16.51 20
-0.192 -6.573 14.937 21
-0.377 -7.861 11.371 20
-0.027 -7.278 9.667 20
0.502 -7.412 9.445 20
0.752 -7.527 8.271 20
0.566 -7.624 7.622 19
0.708 -6.65 5.821 21
0.916 -6.913 5.384 20
1.172 -6.31 2.051 23
0.871 -6.389 1.263 16
1.483 -5.589 3.691 20
1.184 -5.313 4.813 21
1.674 -5.307 3.269 20
2.083 -5.879 1.598 20
1.797 -6.204 1.957 20
1.55 -7.025 3.476 19
1.016 -6.816 4.631 21
0.643 -6.331 6.836 20
-0.102 -6.236 8.126 19
-0.201 -7.256 7.919 21
-0.322 -7.905 7.704 20
-0.07 -8.728 10.141 20
-0.28 -8.307 13.659 20
-0.983 -7.422 15.974 20
-1.712 -6.713 16.231 20
-1.12 -5.4 17.829 19
-1.237 -4.123 18.532 21
-1.571 -3.402 17.979 20
-1.773 -2.063 18.526 20
-1.585 -1.342 19.619 19
-1.132 -0.268 19.619 21
-0.838 0.253 19.619 20
-0.746 0.983 19.619 20
-1.06 0.736 19.619 19
-1.117 0.094 18.459 21
-1.034 -1.251 17.902 19
-0.986 -2.39 17.248 21
-1.403 -3.584 16.808 20
-0.802 -4.302 17.83 19
-0.392 -5.302 18.199 21
-0.046 -7.865 13.299 29
0.083 -8.607 12.43 31
0.486 -8.707 11.8 19
0.916 -8.75 9.775 21
1.265 -8.933 7.232 19
0.849 -8.91 5.373 21
1.274 -8.08 4.145 20
1.733 -7.135 3.711 20
1.572 -6.777 3.629 20
1.755 -6.236 3.651 19
1.925 -5.815 1.213 21
1.863 -5.725 0.886 20
1.648 -5.521 2.144 19
1.148 -5.755 2.476 21
0.526 -5.737 2.481 19
0.261 -5.469 3.281 21
0.122 -6.727 4.745 25
-0.204 -7.63 4.437 17
-0.605 -8.093 7.41 17
-1.101 -7.917 9.213 20
-1.099 -8.466 10.442 21
-1.126 -8.917 13.479 19
-1.441 -8.234 16.766 21
-1.486 -7.444 17.773 20
-1.816 -6.61 16.963 20
-1.898 -5.936 17.977 20
-1.89 -3.729 19.619 20
-1.845 -2.379 19.619 20
-2.211 -2.111 19.619 20
-1.814 -1.939 19.15 20
-0.859 -0.996 19.619 20
-0.311 -0.813 19.619 20
-0.595 -1.603 18.899 19
-0.372 -2.153 17.228 21
-0.346 -3.083 17.775 20
-0.823 -4.507 16.781 20
-0.628 -5.816 15.51 20
-1.063 -7.165 14.273 19
-0.684 -7.488 12.843 20
-0.571 -7.569 12.415 21
-0.205 -7.553 11.14 20
-0.104 -7.662 9.886 20
-0.17 -7.602 8.678 19
-0.195 -6.938 7.436 21
0.183 -6.352 6.601 20
0.293 -5.645 7.182 20
0.372 -5.314 7.689 20
0.645 -4.459 8.311 20
1.065 -3.47 8.359 20
1.38 -2.977 7.114 20
1.44 -2.434 6.701 20
1.822 -1.745 7.076 20
1.603 -1.25 8.72 20
1.696 -1.253 9.516 20
2.004 -0.598 9.393 20
2.076 -0.183 10.038 19
1.93 0.189 9.793 21
1.82 0.062 8.556 20
1.798 0.301 8.907 20
1.972 0.641 10.194 20
1.617 0.558 10.186 20
1.381 0.467 10.26 20
1.243 0.761 10.699 20
1.326 0.801 10.312 20
1.56 0.623 10.557 19
1.535 0.76 11.086 21
1.04 0.678 8.691 20
1.548 0.568 12.232 19
1.185 0.616 13.547 20
1.092 0.178 12.291 20
1.195 0.601 11.017 21
1.338 0.544 10.954 19
