-0.681 1.166 10.933 20
-1.055 0.941 10.947 19
-0.661 0.989 11.377 20
-0.971 1.053 11.223 20
-0.486 1.021 11.214 20
0.198 1.058 10.812 21
-0.096 1.051 10.982 20
-0.111 1.009 10.967 19
0.192 1.104 11.123 20
-0.047 1.106 11.232 21
-0.237 1.013 11.264 20
-0.223 1.04 10.777 19
-0.207 0.986 10.956 20
-0.342 0.961 11.049 20
-0.119 1.049 10.876 21
-0.166 1.143 10.728 20
-0.172 1.083 10.863 19
-0.059 1.104 10.944 20
0.093 1.043 10.857 20
0.111 1.108 10.836 20
-0.119 1.034 10.837 20
-0.164 1.094 10.571 21
-0.198 1.066 10.659 20
-0.298 1.034 11.232 20
-0.102 0.993 11.338 19
-0.323 1.038 11.25 20
-0.152 1.106 11.032 21
-0.114 1.11 10.991 19
-0.149 1.11 10.965 20
-0.189 1.056 10.853 22
-0.283 0.96 11.359 19
-0.347 0.956 11.092 19
-0.468 1.413 11.029 20
-0.352 1.117 10.712 21
-0.057 1.256 11.32 20
0.199 1.169 11.824 20
0.183 1.047 11.073 20
-0.409 1.252 10.791 20
-0.69 1.02 10.91 23
-0.452 1.094 11.088 17
-0.316 1.019 11.415 20
-0.123 0.966 11.2 20
0.019 1.053 10.803 20
-0.295 1.063 10.801 20
-0.233 1.075 10.89 20
-0.234 1.045 10.681 20
-0.16 1.096 10.972 20
0.034 0.98 11.397 19
0.079 1.047 11.33 21
0.156 0.993 11.193 20
0.195 0.922 11.055 20
0.269 0.986 11.03 19
0.437 1.113 10.738 20
0.205 1.065 10.878 21
-0.005 0.966 11.005 20
0.258 1.129 11.488 20
0.275 0.864 11.649 20
0.468 1.019 11.133 19
0.376 1.027 10.991 20
0.148 1.247 10.709 21
0.354 1.259 10.477 20
0.453 1.284 11.041 19
0.663 1.019 11.182 20
0.932 1.28 10.914 21
0.285 1.186 10.928 20
0.301 1.165 10.869 20
0.398 1.316 11.09 20
0.465 1.553 11.066 20
0.755 1.695 10.709 19
0.173 1.435 11.085 21
0.183 1.534 11.208 20
0.459 1.73 11.151 20
0.558 1.892 10.953 19
0.54 1.968 10.596 21
0.735 1.919 10.248 20
0.853 1.847 10.147 20
1.045 2.241 9.414 20
0.969 1.632 8.935 20
1.409 1.668 7.883 19
2.069 0.925 7.156 21
2.755 0.595 6.259 20
3.289 -0.434 5.231 20
2.959 -2.804 4.964 19
3.495 -4.239 4.906 21
3.476 -6.03 4.756 20
2.705 -6.949 5.942 20
2.486 -7.777 5.87 20
1.894 -9.392 5.236 20
1.698 -10.548 5.864 20
1.993 -11.384 7.368 20
1.977 -11.748 8.413 20
1.929 -12.834 9.085 20
1.66 -13.227 10.305 20
1.706 -13.477 11.075 20
1.035 -14.113 10.533 20
0.548 -14.584 10.848 20
-0.143 -14.452 11.72 20
-0.761 -14.23 13.359 20
-1.363 -13.456 14.092 19
-1.118 -13.208 14.94 21
-0.591 -11.601 15.793 20
-0.087 -9.568 15.851 19
-0.549 -7.646 15.489 21
-1.117 -6.458 15.074 20
-0.85 -5.404 15.985 20
-1.026 -4.479 16.51 19
-0.954 -3.085 16.066 21
-1.356 -2.899 16.476 20
-1.19 -3.566 17.155 20
-1.472 -4.791 17.773 20
-1.827 -6.536 19.124 20
-3.378 -8.698 19.619 19
-3.033 -10.691 19.594 20
-2.446 -12.748 19.192 20
-1.169 -14.965 18.962 21
-0.893 -16.247 18.023 20
-1.44 -17.274 16.798 19
-0.687 -18.229 16.015 20
0.593 -18.305 13.91 20
2.035 -18.343 12.13 21
1.081 -17.686 10.915 29
0.689 -16.168 9.119 21
1.663 -15.083 6.945 20
3.393 -13.812 3.754 20
3.136 -12.63 1.232 20
2.933 -10.56 -0.458 19
2.059 -10.109 -2.863 21
2.55 -10.15 -3.108 20
3.754 -9.574 -2.947 20
3.587 -9.131 -2.76 19
3.478 -10.039 -3.711 21
3.398 -10.802 -1.835 20
3.07 -11.516 0.701 20
3.075 -12.135 3.253 19
2.781 -12.698 4.766 21
2.282 -14.006 6.331 19
1.342 -14.852 8.374 21
0.471 -16.082 9.881 20
-0.068 -17.048 12.439 20
-1.165 -17.566 15.708 20
-0.987 -17.13 18.454 19
-0.625 -15.756 19.619 21
-2.136 -14.703 19.619 19
-3.321 -12.919 19.49 20
-4.586 -10.839 19.619 20
-4.72 -8.181 19.619 20
-3.888 -4.767 19.619 20
-4.367 -2.18 19.619 20
-6.095 -1.008 19.619 20
-4.446 -0.106 19.619 20
-2.659 0.112 19.619 20
-1.925 -0.204 19.619 21
-2.971 -1.065 19.619 19
-3.737 -2.803 19.136 20
-4.057 -4.79 17.805 20
-3.842 -7.232 16.851 20
-3.084 -8.895 16.847 20
-2.997 -10.917 16.926 21
-3.033 -12.721 17.086 20
-1.69 -14.208 17.937 20
0.143 -15.649 18.659 19
1.169 -16.894 17.572 21
1.573 -17.392 15.245 20
2.051 -16.887 12.448 20
2.87 -16.001 10.236 20
3.509 -14.51 7.698 20
2.988 -13.285 5.38 20
3.293 -12.017 3.591 20
3.16 -11.154 2.845 20
3.633 -9.758 1.907 20
3.512 -9.515 0.393 20
3.336 -8.884 -0.783 20
2.852 -9.698 -1.779 20
3.49 -9.089 -3.403 19
4.155 -9.859 -3.727 21
4.482 -10.134 -3.864 19
3.949 -10.499 -2.595 21
4.079 -10.809 -0.42 20
4.181 -11.468 2.404 20
3.016 -12.745 8.026 20
3.124 -13.875 9.141 20
1.996 -14.928 11.311 21
0.544 -15.323 13.08 19
-1.498 -15.67 16.096 20
-2.458 -16.265 18.115 19
-2.623 -15.706 19.138 20
-2.931 -14.87 19.619 21
-3.422 -13.903 19.619 20
-2.571 -12.24 19.619 19
-3.359 -10.259 19.619 20
-3.62 -7.619 19.619 20
-3.115 -4.085 18.539 21
-3.355 -1.522 18.297 19
-3.339 -0.124 18.029 20
-3.289 0.027 17.244 20
-3.812 0.05 16.899 21
-3.456 0.165 16.872 19
-3.326 -0.674 16.84 20
-3.731 -2.107 17.428 20
-3.241 -3.717 17.753 20
-3.159 -5.556 18.036 20
-3.247 -7.767 17.974 21
-2.906 -9.83 18.015 19
-2.551 -12.161 18.493 20
-2.014 -14.715 18.329 20
-1.971 -16.968 18.442 21
-1.435 -18.669 18.711 19
-0.259 -19.62 17.417 21
0.713 -19.62 15.251 19
0.414 -19.62 13.427 20
0.153 -19.62 9.37 22
0.78 -19.276 5.007 19
1.057 -17.204 0.928 19
2.005 -14.883 -1.361 20
2.343 -12.064 -0.531 21
1.647 -9.401 0.016 20
1.254 -6.262 2.069 20
1.072 -3.091 3.89 20
1.565 -0.784 4.603 20
1.632 0.728 5.162 20
1.798 1.465 5.472 19
2.306 1.488 6.3 21
2.178 1.712 7.376 20
1.765 2.204 8.383 20
1.071 2.7 9.111 20
0.926 2.727 8.625 19
1.05 2.514 9.598 21
1.186 2.626 10.168 20
0.638 2.18 10.987 20
0.669 2.362 10.559 20
1.159 2.453 11.001 19
0.57 2.209 10.802 21
0.525 2.16 10.089 20
0.565 2.177 10.133 20
0.52 2.127 10.061 20
0.294 1.977 10.454 19
0.347 1.927 10.738 21
0.316 1.948 10.261 20
0.446 2.002 10.202 20
0.358 2.078 10.087 20
0.674 1.778 11.068 19
0.22 1.747 11.438 21
-0.317 1.754 11.382 19
-0.102 2.153 11.206 30
