-0.162 0.639 11.266 20
-0.549 0.58 11.383 21
-0.17 0.872 10.801 19
-0.318 0.919 11.17 20
-0.368 0.785 11.534 20
-0.07 0.772 11.297 20
-0.158 0.833 11.322 21
-0.537 0.813 11.161 19
-0.317 0.753 11.161 20
-0.334 0.805 11.195 20
-0.328 0.699 11.05 21
-0.273 0.754 10.72 20
-0.273 0.753 11.118 21
-0.402 0.856 11.093 18
-0.428 0.926 10.609 20
-0.479 0.9 10.769 20
-0.517 0.875 10.741 21
-0.502 0.947 10.957 20
-0.535 0.997 11.136 20
-0.482 0.81 11.176 19
-0.341 0.835 11.057 20
-0.223 0.825 10.97 21
-0.319 0.802 11.176 20
-0.255 0.798 11.207 19
-0.358 0.784 11.118 20
-0.414 0.74 11.19 20
-0.246 0.803 11.021 21
-0.347 0.779 10.835 20
-0.273 0.758 11.159 19
-0.308 0.821 11.178 20
-0.33 0.717 11.299 20
-0.346 0.816 11.092 21
-0.377 0.79 11.183 19
-0.292 0.843 11.029 20
-0.561 0.747 10.241 20
-0.301 0.797 10.9 20
0.15 0.922 10.999 21
0.202 0.992 11.508 20
-0.118 1.01 11.412 19
-0.437 0.944 11.231 20
-0.379 0.888 10.729 20
-0.859 1.134 10.176 21
-0.705 0.671 11.339 19
-0.337 0.726 11.427 20
-0.341 0.907 11.645 20
-0.446 0.769 10.915 20
-0.428 0.693 10.942 21
-0.352 0.686 11.049 20
-0.455 0.639 10.978 20
-0.506 0.718 11.238 20
-0.702 0.489 11.409 19
-0.623 0.547 11.372 21
-0.275 0.665 11.332 19
-0.229 0.778 11.068 20
-0.245 0.775 10.764 20
-0.202 0.695 11.035 20
-0.447 0.696 10.88 21
-0.56 0.68 10.94 20
-0.366 0.859 11.112 19
-0.477 0.792 11.157 20
-0.313 0.829 11.06 22
-0.416 0.784 10.979 19
-0.378 0.804 10.881 19
-0.334 0.883 11.036 21
-0.197 0.985 10.984 19
-0.675 1.117 11.233 20
-0.193 1.334 11.381 21
0.047 1.086 11.538 20
-0.268 1.216 11.349 19
0.207 1.483 10.688 20
0.534 1.695 10.867 20
0.392 1.929 10.991 21
0.54 2.026 11.153 19
0.863 2.226 11.766 21
0.991 2.121 12.175 19
1.118 2.429 11.418 20
1.207 2.448 9.97 21
-0.556 2.196 9.37 19
-0.007 1.803 7.64 20
1.55 1.326 7.146 20
2.5 0.034 7.155 21
2.797 -2.46 6.817 29
2.492 -3.428 6.006 20
2.711 -3.805 5.459 20
3.598 -5.988 5.476 20
4.318 -7.234 5.115 20
2.95 -8.574 4.495 20
0.999 -10.089 4.939 20
0.984 -10.039 7.175 21
0.863 -10.526 8.599 20
0.673 -11.509 8.629 19
0.561 -12.54 8.898 20
0.416 -12.242 10.009 20
-0.475 -12.482 11.124 21
-1.06 -12.919 11.712 20
-1.484 -13.585 11.65 19
-0.413 -14.195 12.384 20
0.484 -13.153 12.554 20
-0.197 -12.866 12.958 21
-0.676 -12.373 14.201 19
-1.983 -12.106 15.295 20
-1.677 -11.187 16.039 20
0.205 -9.31 15.514 20
0.871 -8.016 15.238 20
0.414 -6.192 16.234 20
-0.711 -4.725 17.05 21
-0.373 -2.823 18.038 20
0.516 -1.51 18.739 19
0.558 -1.005 18.338 20
0.032 -1.441 17.319 20
-1.179 -2.587 16.786 20
-2.351 -4.252 16.99 20
-3.628 -6.297 18.553 20
-4.402 -8.772 19.619 21
-3.903 -10.739 19.619 19
-3.081 -12.385 19.619 20
-2.721 -14.218 19.451 20
-2.13 -16.003 18.747 20
-1.191 -17.023 17.533 21
0.645 -17.805 13.633 25
2.373 -16.852 8.019 34
2.39 -16.924 4.779 20
2.829 -15.285 2.135 21
2.866 -13.784 -0.027 20
3.742 -12.652 -1.563 19
4.047 -11.805 -2.498 20
4.485 -11.576 -3.845 20
4.689 -12.092 -4.548 21
4.829 -12.218 -5.595 19
3.919 -12.325 -5.549 20
3.423 -12.293 -4.578 20
3.378 -12.251 -2.676 20
2.943 -12.909 0.0 21
2.343 -14.383 3.333 19
2.06 -15.343 6.34 21
1.648 -15.768 8.262 19
1.142 -15.681 9.649 20
-0.431 -16.302 11.303 21
-1.826 -17.28 15.95 20
-1.539 -17.33 18.871 19
-1.392 -16.312 19.619 20
-2.02 -13.912 19.619 20
-2.408 -10.716 19.619 21
-2.298 -8.11 19.619 20
-2.246 -5.455 19.619 19
-2.009 -2.072 19.619 20
-2.657 0.866 19.619 20
-4.029 2.304 19.619 21
-4.487 2.662 19.619 19
-4.243 2.48 19.619 20
-4.204 0.866 19.619 20
-3.597 -1.87 19.619 20
-3.791 -4.994 18.273 21
-4.703 -7.465 17.908 19
-4.95 -9.605 19.066 22
-3.781 -12.205 19.619 19
-1.522 -14.948 19.619 19
-0.055 -16.851 19.619 21
0.808 -17.906 17.858 19
1.508 -18.503 15.13 21
2.966 -19.179 12.578 20
4.372 -18.326 9.388 20
3.802 -17.23 6.508 19
3.248 -15.293 3.283 21
3.618 -12.694 2.157 20
3.691 -11.964 0.465 19
4.2 -11.776 -1.308 20
3.903 -11.782 -2.16 21
3.883 -10.862 -4.408 20
2.998 -10.473 -5.272 19
2.468 -10.383 -5.714 20
2.444 -10.912 -4.976 20
2.456 -11.947 -3.054 21
2.454 -13.239 -0.033 20
1.604 -14.62 2.757 19
0.997 -15.805 5.744 20
0.916 -16.243 8.768 20
0.171 -17.002 11.082 21
-0.591 -17.432 12.856 19
-1.433 -18.033 15.074 20
-2.196 -18.062 16.84 20
-2.672 -18.56 18.754 20
-2.725 -18.182 18.739 21
-2.433 -16.165 17.82 19
-1.615 -14.724 17.666 20
-0.643 -12.701 18.727 20
-0.98 -10.357 18.623 20
-2.286 -7.656 18.233 21
-2.524 -5.569 17.33 20
-1.876 -4.202 16.031 19
-1.87 -3.556 14.397 20
-2.428 -3.039 14.222 20
-2.333 -2.887 14.647 21
-2.089 -3.125 15.379 19
-1.359 -3.733 14.664 21
-1.086 -4.422 13.266 20
-1.185 -6.58 12.709 20
-1.154 -8.498 13.44 20
-2.233 -10.665 14.409 19
-2.21 -12.65 15.361 20
-1.278 -14.51 16.381 21
-0.705 -16.532 17.034 19
0.335 -18.484 17.312 20
0.787 -19.62 16.726 21
0.404 -19.62 14.588 19
0.101 -19.62 12.292 21
0.341 -19.62 9.687 23
1.252 -18.966 7.322 19
1.912 -17.306 5.368 17
1.674 -15.028 4.552 20
1.992 -13.585 2.013 20
1.95 -11.614 1.346 20
2.013 -9.626 1.62 21
2.329 -6.837 2.543 20
1.658 -5.436 3.394 20
1.135 -3.794 4.271 20
0.774 -2.568 4.978 20
1.431 -0.443 6.963 20
1.795 0.243 7.613 19
1.712 0.652 7.996 20
1.534 1.117 8.307 20
0.967 1.365 8.805 20
0.883 1.438 9.425 20
0.924 1.438 10.534 21
1.035 1.725 11.006 20
0.637 1.446 11.629 19
0.502 1.399 11.722 20
1.132 1.251 11.429 21
1.328 1.119 11.227 19
1.169 1.572 10.836 20
0.021 1.7 9.267 20
0.631 1.543 11.002 20
0.744 1.714 11.545 20
0.166 1.579 12.02 21
-0.195 1.542 11.183 19
-0.118 1.742 11.466 20
