-0.78 0.928 11.126 20
-0.626 0.869 11.026 20
-0.246 0.855 11.182 21
-0.435 0.837 11.023 20
-0.432 0.846 10.898 19
-0.535 0.743 10.948 21
-0.598 0.765 10.91 19
-0.538 0.746 10.967 21
-0.537 0.558 11.195 19
-0.565 0.542 11.274 21
-0.625 0.386 11.342 20
-0.737 0.496 11.304 20
-0.725 0.476 11.092 20
-0.759 0.377 11.146 19
-0.872 0.421 11.19 20
-0.894 0.292 11.181 20
-0.774 0.373 11.076 21
-1.159 0.403 11.005 20
-1.148 0.362 11.207 20
-1.13 0.3 11.42 19
-1.195 0.269 11.526 21
-0.986 0.283 11.284 19
-0.952 0.367 11.172 21
-1.099 0.404 11.123 19
-1.015 0.531 11.038 20
-0.899 0.526 10.829 20
-1.193 0.565 11.005 20
-1.003 0.625 10.972 21
-0.767 0.718 10.811 21
-0.823 0.674 11.14 18
-0.923 0.635 11.278 20
-1.011 0.504 11.203 20
-0.908 0.548 10.991 21
-0.965 0.531 10.909 19
-1.087 0.439 10.765 20
-0.853 0.631 10.59 21
-1.094 0.473 10.962 19
-1.087 0.492 11.19 21
-1.068 0.494 11.208 19
-1.31 0.541 10.926 20
-1.135 0.621 10.875 21
-1.389 0.57 10.987 19
-1.275 0.79 10.657 20
-1.277 0.682 10.829 21
-1.129 0.668 10.815 19
-1.231 0.598 11.023 20
-1.134 0.734 10.794 21
-1.088 0.523 11.15 19
-1.019 0.441 11.108 21
-0.556 0.614 10.759 19
-0.791 0.95 11.201 20
-0.746 0.386 11.528 20
-0.45 0.562 12.318 21
-0.473 0.455 11.411 19
-1.098 1.011 10.18 20
-1.264 0.871 10.381 21
-1.271 0.853 10.291 19
-0.973 0.828 11.098 21
-0.676 0.771 11.355 20
-0.368 0.778 11.775 20
-0.365 0.839 11.124 19
-0.652 0.669 11.256 20
-0.625 0.756 11.254 20
-0.352 0.767 11.401 21
-0.512 0.678 11.276 19
-0.617 0.576 11.439 20
-0.603 0.649 11.305 20
-0.393 0.743 10.96 20
-0.191 0.89 10.445 20
-0.383 0.583 10.698 21
-0.501 0.61 10.909 20
-0.426 0.778 11.097 19
-0.84 0.617 10.281 20
-0.28 0.799 11.207 20
-0.453 0.793 11.138 21
-0.25 0.973 11.019 20
-0.317 0.922 10.853 20
-0.371 0.799 10.929 20
0.025 0.895 10.784 20
0.256 0.98 10.965 19
0.176 1.077 10.953 20
-0.204 0.943 11.091 20
-0.421 1.287 10.657 20
-0.352 1.131 10.885 20
-0.152 1.035 11.515 20
0.058 0.929 11.668 21
0.319 1.383 11.448 19
0.211 1.539 11.255 20
-0.002 1.887 10.71 20
0.052 1.877 10.795 21
0.07 1.426 10.821 19
0.191 1.25 11.321 20
-0.008 0.84 10.918 20
0.032 0.833 10.322 21
-0.571 0.694 10.388 20
-1.003 0.856 11.17 20
-0.336 0.682 11.379 19
0.056 0.737 11.332 20
-0.203 0.421 11.169 21
-0.252 0.57 10.341 19
-0.324 0.61 10.429 21
-0.518 0.765 10.268 19
-0.35 0.972 10.164 20
-0.264 0.878 10.424 20
-0.429 0.878 10.424 20
-0.275 0.887 10.287 21
0.007 0.736 10.294 19
0.623 0.389 9.619 20
0.465 0.464 9.374 20
0.189 -0.25 9.271 21
0.469 -1.36 8.611 20
1.657 -2.289 6.604 19
3.024 -3.963 5.31 21
3.203 -6.72 4.673 20
2.719 -7.97 3.964 20
1.579 -8.705 3.998 20
2.151 -10.311 5.259 20
3.058 -11.251 5.376 19
3.005 -11.711 5.683 21
2.181 -11.984 5.928 19
1.041 -12.322 6.439 21
-0.435 -13.78 7.243 19
-1.654 -14.897 8.538 21
-1.926 -14.908 11.662 20
-2.096 -13.923 12.854 19
-2.563 -13.695 14.124 21
-2.365 -12.341 16.057 19
-1.313 -11.018 15.755 20
-0.31 -9.877 15.747 21
-0.616 -8.608 15.905 19
-2.677 -8.219 16.587 21
-1.215 -7.144 17.845 20
0.647 -5.364 18.108 20
0.286 -4.305 17.561 20
-0.826 -3.185 16.512 20
-2.608 -3.709 17.306 20
-2.826 -5.459 18.782 19
-2.228 -7.078 19.619 20
-2.945 -9.232 19.619 21
-3.944 -11.539 19.619 19
-4.398 -14.089 19.619 21
-3.945 -16.48 19.619 20
-2.732 -17.708 19.449 20
-1.675 -19.196 17.604 20
-1.002 -19.575 16.089 19
-0.386 -19.62 14.588 21
1.032 -19.62 12.443 20
0.888 -19.62 9.432 19
-0.425 -18.29 6.359 21
-0.128 -15.838 3.038 19
1.334 -14.323 -0.318 21
2.13 -13.072 -2.507 19
2.033 -11.655 -4.678 21
2.028 -11.196 -5.419 20
2.509 -10.987 -5.736 19
3.022 -10.485 -4.841 21
3.09 -10.627 -3.618 20
3.198 -10.709 -2.632 19
3.306 -11.172 -0.861 21
3.15 -11.474 1.075 20
3.52 -11.821 2.445 20
3.068 -13.179 4.625 19
2.421 -14.288 6.127 21
2.038 -14.697 8.139 20
0.851 -15.892 10.8 19
0.195 -16.615 12.208 21
-1.153 -17.366 13.341 19
-2.056 -17.082 15.232 20
-2.287 -15.964 17.284 21
-3.406 -14.831 19.619 19
-4.99 -12.86 19.619 21
-5.108 -10.449 19.619 19
-5.363 -4.661 19.619 20
-3.596 -1.598 19.619 21
-4.334 1.422 19.619 19
-4.313 2.468 19.619 21
-3.829 2.215 19.619 19
-3.578 0.343 18.741 21
-2.815 -2.009 17.124 20
-2.901 -4.49 16.34 19
-4.272 -6.947 16.626 21
-4.403 -8.777 18.028 19
-4.051 -10.787 18.766 20
-3.726 -12.237 18.317 21
-2.76 -13.84 18.173 19
-0.831 -15.191 17.652 21
0.638 -15.971 16.565 19
1.539 -16.365 15.586 20
2.052 -16.126 14.397 21
2.852 -16.128 12.364 20
3.526 -15.531 10.413 20
3.054 -14.667 8.655 19
2.59 -12.857 6.579 21
3.028 -11.743 3.537 20
3.599 -10.817 1.362 19
2.763 -10.354 -1.325 21
2.641 -9.566 -2.967 20
2.468 -9.486 -3.845 19
2.67 -9.122 -5.322 21
2.73 -9.702 -6.536 20
1.939 -10.104 -6.193 20
1.792 -11.221 -4.636 19
1.926 -12.579 -1.542 21
1.745 -14.009 0.983 20
1.52 -15.508 3.366 19
0.785 -16.26 5.322 21
0.954 -16.608 7.802 20
0.758 -17.283 10.682 19
-0.987 -18.456 13.85 21
-1.539 -19.408 16.676 19
-1.179 -19.62 18.245 21
0.347 -18.775 19.619 19
0.712 -17.251 19.619 20
-0.395 -15.061 19.619 21
-2.089 -12.333 19.619 19
-2.002 -8.757 19.619 21
-0.744 -5.974 19.619 19
0.536 -3.16 19.619 20
-0.176 -1.465 18.92 21
-1.733 -0.949 19.008 20
-2.017 -2.415 17.963 20
-1.149 -3.838 16.969 19
-1.034 -5.415 15.355 20
-1.144 -7.206 13.705 20
-1.567 -8.825 13.161 21
-1.601 -10.667 14.079 19
-1.197 -12.359 14.535 20
-1.276 -14.974 14.21 20
-1.355 -16.366 13.264 21
-1.398 -16.91 13.68 20
-1.116 -17.234 12.87 20
0.039 -17.73 12.124 19
0.893 -17.484 11.692 20
0.893 -16.769 10.902 20
0.985 -15.671 9.001 20
1.247 -14.495 7.455 21
1.251 -12.41 5.369 19
1.638 -10.178 4.288 20
1.441 -8.412 2.982 21
1.901 -6.379 1.998 19
2.281 -5.375 2.288 21
2.802 -4.337 3.25 20
3.066 -3.087 3.871 20
2.913 -2.278 4.378 20
2.544 -1.028 4.956 19
1.89 -0.413 6.702 21
0.799 0.099 8.459 20
0.188 0.804 9.417 20
0.308 0.863 10.074 20
0.758 1.809 10.363 20
0.609 1.798 10.775 20
0.718 1.931 10.391 19
1.08 2.229 10.667 21
0.801 2.307 10.35 20
0.678 2.081 10.558 20
-0.098 2.19 10.813 20
-0.188 2.15 11.746 20
-0.607 1.421 10.928 19
-0.091 1.544 10.941 21
0.29 1.299 10.619 20
0.487 1.432 10.275 20
0.499 1.573 12.558 19
0.493 1.123 11.873 20
0.159 1.159 12.276 21
0.245 0.784 11.285 19
0.484 1.289 10.771 21
0.337 1.287 10.65 20
