-0.058 9.776 3.517 19
-0.16 9.721 3.465 20
-0.233 9.685 3.342 21
-0.198 9.744 3.739 19
-0.445 9.817 3.712 20
-0.383 9.689 3.624 20
-0.33 9.437 3.463 20
-0.232 9.424 3.402 20
-0.213 9.613 3.187 20
-0.051 9.613 3.234 20
-0.049 9.716 3.133 20
0.016 9.528 3.132 21
0.076 9.43 3.227 19
0.141 9.455 3.302 20
0.094 9.389 3.211 20
0.135 9.474 3.26 20
0.096 9.427 3.133 21
0.061 9.453 3.117 19
0.095 9.472 3.182 20
0.208 9.564 3.226 20
0.267 9.715 3.151 20
0.374 9.563 3.056 21
0.451 9.499 3.133 19
0.595 9.467 3.301 21
0.814 9.449 3.426 19
0.791 9.503 3.568 21
0.257 9.542 3.273 20
0.898 9.462 2.913 19
1.177 9.544 3.693 20
1.314 9.581 3.811 22
1.404 9.358 4.043 18
1.46 9.413 4.02 21
1.58 9.447 3.864 19
1.79 9.417 3.713 20
1.969 9.146 3.701 20
2.072 9.151 3.725 20
2.131 9.159 3.852 21
2.433 9.164 3.578 20
2.433 9.164 3.578 19
2.741 9.0 3.502 20
2.907 8.941 3.529 20
3.079 8.886 3.578 20
3.281 8.883 3.384 20
3.376 8.84 3.301 20
3.385 8.798 3.205 20
3.323 8.734 3.235 20
3.501 8.661 3.402 21
3.527 8.763 3.541 19
3.588 8.83 3.412 20
3.67 8.735 3.268 20
3.816 8.641 3.281 21
3.881 8.686 3.336 19
3.978 8.541 3.378 20
3.949 8.538 3.314 21
3.853 8.546 3.203 19
3.917 8.499 3.239 20
4.005 8.508 3.135 21
4.021 8.543 3.153 20
4.179 8.519 3.085 19
4.264 8.491 3.009 20
4.321 8.425 2.88 20
4.434 8.4 3.03 21
4.568 8.46 3.017 20
4.718 8.287 2.956 19
4.792 8.178 2.882 21
4.888 8.205 2.768 19
4.957 8.072 2.78 21
5.012 7.983 2.853 20
5.087 8.038 2.804 20
5.382 7.981 2.844 19
5.49 7.92 2.755 20
5.519 7.877 2.666 21
5.605 7.792 2.585 20
5.53 7.86 2.605 20
5.604 7.806 2.645 19
5.757 7.619 2.598 21
5.877 7.466 2.547 19
5.954 7.407 2.602 21
6.068 7.389 2.606 19
6.084 7.359 2.559 20
6.084 7.431 2.501 20
6.187 7.325 2.583 21
6.307 7.139 2.487 20
6.382 7.066 2.427 19
6.524 6.988 2.414 20
6.732 6.824 2.398 20
6.787 6.801 2.385 21
6.873 6.81 2.365 20
6.908 6.706 2.282 19
7.082 6.6 2.38 21
7.083 6.456 2.274 19
7.104 6.476 2.262 20
7.153 6.325 2.195 21
7.465 6.084 2.191 20
7.674 6.068 2.178 19
7.711 5.806 2.028 20
7.722 5.782 2.06 21
7.786 5.572 1.939 20
8.03 5.518 2.057 20
8.132 5.361 2.099 19
8.22 5.182 1.96 21
8.326 5.224 1.874 20
8.254 5.108 1.781 20
8.216 5.172 1.862 19
8.195 5.017 1.927 21
8.291 5.04 1.943 20
8.344 4.857 2.035 20
8.328 4.689 2.138 20
8.352 4.597 1.899 19
8.555 4.441 1.962 20
8.613 4.427 1.939 20
8.562 4.451 1.653 21
8.732 4.337 1.73 20
8.908 4.099 1.762 19
8.825 3.798 1.565 20
8.708 3.773 1.539 21
8.927 4.008 1.693 19
9.029 4.081 1.56 21
9.248 3.799 1.68 20
9.307 3.387 1.822 19
9.105 3.048 1.599 20
9.228 3.036 1.828 21
9.212 3.009 1.741 19
9.251 3.01 1.614 21
9.382 2.772 1.692 19
9.389 2.617 1.513 20
9.323 2.462 1.501 20
9.369 2.463 1.346 21
9.442 2.424 1.354 19
9.457 2.321 1.469 21
9.352 2.233 1.275 19
9.256 1.932 1.229 29
9.346 1.998 1.288 32
9.433 1.942 1.247 19
9.517 1.601 1.332 20
9.338 1.585 1.193 21
9.257 1.621 1.274 19
9.436 1.346 1.169 20
9.538 1.217 1.126 20
9.511 1.111 1.099 21
9.783 0.911 1.199 19
9.768 0.599 1.041 20
9.641 0.526 1.199 20
9.677 0.395 1.141 20
10.129 0.455 1.524 20
9.953 0.226 1.007 21
9.883 0.146 0.912 20
9.772 -0.068 0.829 19
10.151 -0.382 1.34 20
10.103 -0.336 1.431 21
