0.682 9.902 4.09 21
0.55 9.678 4.233 20
0.279 9.872 4.506 19
-0.019 9.42 3.757 20
0.019 9.356 3.929 20
-0.129 9.263 3.812 20
0.098 9.402 3.654 20
0.306 9.314 3.288 20
0.395 9.316 3.369 20
0.568 9.317 3.297 20
0.864 9.295 3.345 21
0.868 9.28 3.333 19
0.732 9.261 3.312 20
0.708 9.115 3.508 20
0.583 9.141 3.618 20
0.579 9.285 3.596 20
0.609 9.269 3.755 21
0.56 9.382 3.814 19
0.444 9.393 3.623 20
0.422 9.302 3.737 20
0.273 9.342 2.956 21
0.346 9.479 3.302 20
0.598 9.724 3.596 19
0.602 9.6 3.797 20
0.456 9.449 4.006 21
0.382 9.527 4.18 19
-0.094 9.583 3.741 20
0.368 9.571 4.005 20
0.411 9.671 4.026 20
0.518 9.588 3.901 20
0.461 9.696 3.736 20
0.318 9.613 3.776 20
0.437 9.69 3.81 20
0.471 9.644 3.845 20
0.623 9.522 3.914 21
0.766 9.453 3.908 19
0.82 9.471 3.865 21
0.718 9.439 3.949 19
0.82 9.4 3.696 20
0.952 9.287 3.658 20
1.039 9.243 3.735 21
1.187 9.2 3.757 20
1.3 9.251 3.646 19
1.505 9.169 3.638 20
1.689 9.211 3.575 20
1.732 9.159 3.582 20
1.92 9.265 3.663 20
1.902 9.15 3.787 21
1.987 9.142 3.642 19
2.121 9.223 3.606 21
2.276 9.022 3.622 20
2.447 9.132 3.66 19
2.521 9.169 3.503 20
2.543 9.095 3.454 20
2.676 8.978 3.342 20
2.773 8.933 3.347 20
2.913 8.994 3.414 25
2.972 9.049 3.484 15
3.093 8.869 3.308 20
3.268 8.768 3.275 22
3.439 8.83 3.151 19
3.61 8.662 3.22 19
3.705 8.726 3.185 20
3.836 8.523 3.147 20
3.93 8.51 3.024 21
4.094 8.63 3.169 19
4.237 8.362 3.044 20
4.41 8.571 3.165 21
4.481 8.24 3.137 19
4.558 8.265 3.099 20
4.588 8.199 3.235 20
4.711 8.287 3.187 21
4.808 8.123 3.028 19
4.925 8.134 3.072 20
5.025 8.017 2.988 20
5.225 8.144 3.003 21
5.337 7.733 2.864 20
5.464 7.703 2.891 19
5.479 7.802 2.767 20
5.549 7.788 2.936 21
5.683 7.691 2.894 20
5.809 7.697 2.863 19
5.843 7.232 2.826 20
6.037 7.295 2.854 21
6.472 7.056 3.051 29
6.544 6.938 2.76 20
6.486 6.846 2.712 20
6.442 6.762 2.718 21
6.664 6.474 2.87 20
6.753 6.417 2.979 20
7.165 6.551 2.906 19
7.425 6.295 2.559 20
7.477 6.363 2.826 20
7.316 6.224 2.598 21
7.379 6.138 2.853 19
7.309 6.162 2.75 20
7.435 5.958 2.606 20
7.817 5.867 2.769 21
8.028 5.722 2.434 19
8.0 5.55 2.409 24
8.023 5.404 2.596 17
7.932 5.406 2.433 19
7.961 5.251 2.445 20
8.041 5.134 2.368 21
8.273 5.036 2.47 19
8.211 4.961 2.289 20
8.187 4.894 2.033 20
8.256 4.752 2.03 20
8.384 4.619 2.082 21
8.461 4.549 1.983 19
8.565 4.472 2.166 21
8.769 4.326 2.051 19
8.62 4.066 2.16 20
8.727 3.87 1.948 20
8.856 3.796 1.973 20
9.065 3.743 2.065 20
9.114 3.491 1.941 20
9.147 3.428 2.056 21
9.116 3.318 1.945 20
9.042 3.323 1.868 19
9.189 3.379 2.016 20
9.314 3.096 2.175 20
9.354 2.826 1.845 21
9.326 2.606 1.983 20
9.351 2.635 1.741 19
9.517 2.548 1.922 20
9.541 2.423 1.951 20
9.354 2.186 1.919 20
9.315 2.092 1.832 21
9.247 1.937 1.89 19
9.375 2.063 1.857 20
9.564 2.014 2.002 20
9.388 1.863 1.827 21
9.453 1.541 1.735 19
9.437 1.368 1.839 20
9.461 1.403 1.85 21
9.65 1.41 1.771 19
9.953 1.517 1.852 21
9.914 1.055 1.828 20
9.621 1.072 1.731 19
9.424 0.962 1.666 20
9.449 0.932 1.901 20
9.547 0.771 1.924 21
9.572 0.802 2.053 19
9.689 0.826 1.82 20
9.57 0.41 1.772 20
9.473 0.311 1.929 20
9.519 0.593 3.217 21
9.998 0.107 1.604 20
10.061 0.644 1.518 19
9.97 -0.373 2.072 20
10.096 -0.149 2.493 20
9.993 -0.469 2.215 21
10.33 -0.514 2.565 20
10.236 -0.471 2.49 19
