0.176 9.708 3.877 19
0.289 9.572 3.784 20
0.301 9.758 3.763 20
0.18 9.808 3.636 20
0.336 9.704 3.482 21
0.505 9.627 3.447 19
0.64 9.551 3.376 20
0.696 9.508 3.365 20
0.805 9.308 3.327 21
0.735 9.273 3.29 20
0.72 9.247 3.475 20
0.958 9.267 3.63 19
0.894 9.338 3.557 20
0.908 9.275 3.514 20
0.899 9.278 3.493 21
0.941 9.328 3.584 20
1.1 9.348 3.569 19
1.102 9.408 3.541 20
1.116 9.401 3.562 20
1.193 9.471 3.476 21
1.377 9.424 3.432 20
1.434 9.394 3.547 19
1.557 9.388 3.6 20
1.61 9.462 3.553 21
1.648 9.366 3.602 20
1.595 9.305 3.584 19
1.622 9.319 3.493 20
1.68 9.435 3.484 20
1.828 9.436 3.484 20
1.992 9.606 3.513 21
1.997 9.48 3.512 19
2.149 9.42 3.482 20
2.226 9.336 3.518 20
2.233 9.182 3.487 21
2.325 9.222 3.44 20
2.469 9.163 3.406 19
2.602 9.085 3.392 20
2.806 9.065 3.319 21
2.923 9.036 3.2 19
3.056 8.841 3.293 21
3.21 8.879 3.289 19
3.273 8.866 3.252 20
3.321 8.763 3.3 20
3.429 8.732 3.27 20
3.517 8.778 3.193 21
3.604 8.83 3.142 19
3.763 8.721 3.182 20
3.853 8.675 3.188 20
3.96 8.675 3.264 20
4.093 8.598 3.178 21
4.236 8.505 3.235 19
4.334 8.495 3.187 20
4.422 8.43 3.121 20
4.608 8.387 3.206 20
4.699 8.216 3.315 21
4.684 8.141 3.124 19
4.828 8.115 3.076 20
4.915 8.072 3.13 22
5.124 8.198 3.035 18
5.225 8.018 2.908 21
5.301 7.979 2.953 20
5.331 7.708 2.888 19
5.463 7.673 2.917 20
5.566 7.676 2.889 20
5.612 7.789 2.866 21
5.604 7.799 2.808 19
5.666 7.661 2.844 21
5.807 7.48 2.79 19
5.921 7.333 2.768 20
6.071 7.25 2.677 21
6.221 7.222 2.69 19
6.334 7.05 2.589 20
6.518 7.013 2.69 29
6.595 6.836 2.615 31
6.762 6.819 2.787 20
6.83 6.665 2.669 20
6.888 6.564 2.733 20
6.892 6.37 2.887 20
6.914 6.524 2.816 20
7.162 6.474 2.787 20
7.206 6.619 2.841 20
7.307 6.695 2.748 20
7.242 6.472 2.656 20
7.212 6.089 2.763 21
7.335 5.965 2.733 20
7.403 5.866 2.883 19
7.444 5.942 2.815 20
7.601 5.92 2.687 20
7.686 5.773 2.642 21
7.819 5.544 2.543 19
7.98 5.243 2.561 20
7.933 5.179 2.751 20
7.787 5.417 2.675 20
7.959 5.469 2.603 21
8.196 5.095 2.658 19
8.242 4.867 2.586 20
8.386 4.586 2.672 20
8.444 4.579 2.697 20
8.27 4.652 2.628 21
8.317 4.616 2.654 19
8.411 4.41 2.49 20
8.42 4.283 2.499 20
8.473 4.059 2.531 20
8.497 4.157 2.621 21
8.477 4.184 2.666 19
8.487 4.121 2.626 20
8.807 3.834 2.777 20
8.678 3.566 2.965 20
8.789 3.572 2.779 21
9.089 3.388 2.653 19
9.147 3.271 2.79 20
9.223 3.188 2.909 20
9.016 3.217 2.833 20
9.153 3.021 2.584 21
9.053 2.811 2.778 19
8.998 2.622 3.01 20
9.11 2.69 3.041 20
9.043 2.83 3.141 20
9.11 2.944 3.872 21
9.576 2.154 2.108 19
9.604 1.839 2.429 20
9.566 1.749 2.508 20
9.48 1.664 2.798 20
9.248 1.768 3.509 21
8.741 1.69 2.147 19
9.734 1.689 3.301 20
10.31 1.094 2.924 20
10.382 0.944 2.869 20
10.033 0.844 2.998 21
9.54 1.157 2.872 20
9.29 1.354 2.573 19
9.427 1.524 2.64 20
9.613 1.175 2.871 20
9.775 1.105 2.933 21
10.037 0.928 2.912 19
10.169 0.853 3.066 20
10.15 0.902 3.109 20
9.795 1.033 3.039 20
9.602 1.162 2.893 21
9.317 1.113 2.719 20
9.189 1.069 2.751 19
9.16 1.197 2.786 20
9.416 1.498 2.726 20
9.784 1.46 2.681 21
9.758 1.022 2.636 19
9.568 0.996 2.773 20
9.447 1.266 2.563 20
9.168 1.204 2.454 20
9.098 1.367 2.505 21
9.115 1.743 2.885 19
9.099 1.871 2.987 20
9.496 1.91 2.841 20
9.938 1.951 2.76 21
9.514 1.209 4.796 20
9.624 1.292 2.189 19
9.429 1.257 2.368 21
9.212 0.935 2.975 19
9.259 0.819 3.756 20
8.752 1.016 3.163 21
