8.695 -1.608 5.201 19
8.763 -1.717 5.304 20
8.855 -1.351 5.059 20
8.836 -0.908 5.237 20
8.665 -1.084 5.307 21
8.618 -1.401 4.894 19
8.776 -1.836 4.358 24
8.891 -1.858 4.573 16
8.958 -1.69 5.193 20
9.041 -1.627 5.163 20
8.926 -1.69 4.86 20
8.898 -1.677 4.925 20
8.838 -1.67 4.957 20
8.811 -1.719 5.312 20
8.805 -1.741 5.206 20
8.796 -1.894 5.184 20
8.796 -1.732 5.09 20
8.826 -1.647 5.076 20
8.842 -1.706 5.134 21
8.832 -1.736 4.991 20
8.758 -1.757 4.893 19
8.798 -1.936 5.061 21
8.872 -1.987 5.053 19
8.925 -2.026 5.152 21
8.933 -2.123 5.234 20
8.923 -2.003 5.097 20
9.109 -1.865 3.597 19
8.751 -1.592 6.14 21
9.154 -1.604 6.423 20
9.502 -1.796 5.755 20
9.968 -2.209 4.985 19
9.751 -2.496 5.125 20
9.66 -2.551 5.38 20
9.635 -2.429 5.314 20
9.895 -2.354 5.205 21
10.087 -2.228 5.279 19
9.987 -2.104 5.622 20
9.957 -1.949 5.425 20
9.936 -2.068 5.407 22
9.969 -2.141 5.404 19
9.999 -2.059 5.363 20
9.845 -2.002 5.148 19
9.948 -1.67 5.227 20
9.99 -1.45 5.157 21
9.862 -1.46 4.72 20
9.799 -1.302 4.23 19
9.735 -1.078 4.546 20
9.569 -0.843 5.042 20
9.408 -0.796 5.15 20
9.456 -0.623 4.606 20
9.36 -0.62 4.085 20
9.315 -0.374 4.248 21
9.245 -0.237 4.258 20
9.212 -0.188 4.174 20
9.152 -0.161 3.96 20
9.309 -0.039 3.21 20
9.381 0.265 3.615 20
9.278 0.51 4.288 20
9.275 0.667 4.184 20
9.372 0.893 3.8 20
9.364 1.268 3.584 20
9.321 1.623 3.385 19
9.423 1.899 3.198 20
9.345 2.036 3.608 21
9.256 2.254 3.748 20
9.056 2.476 3.77 19
8.783 2.651 3.745 21
8.563 2.835 3.491 20
8.396 3.085 3.277 20
8.27 3.23 3.096 20
8.102 3.678 3.36 20
7.959 4.145 3.245 20
7.747 4.673 3.186 19
7.646 4.788 3.223 21
7.539 4.766 2.532 20
7.392 5.027 2.451 20
7.29 5.394 2.903 19
6.945 5.728 3.182 21
6.909 5.877 2.683 20
6.737 5.842 2.196 20
6.524 6.091 2.44 20
6.225 6.359 2.538 19
6.198 6.394 2.212 21
6.161 6.551 2.101 20
5.904 6.6 1.956 20
5.851 6.907 2.034 20
5.714 7.22 1.845 20
5.3 7.103 2.163 20
4.867 7.163 1.829 20
4.55 7.846 1.926 20
4.33 8.146 1.992 20
4.069 8.159 2.06 20
3.97 8.072 2.076 19
3.902 8.101 2.121 21
3.687 7.955 1.981 20
3.533 8.253 2.292 19
3.143 8.716 2.662 20
2.931 8.831 2.156 21
2.644 8.522 1.807 20
2.365 8.654 2.139 20
2.072 8.81 2.133 20
1.944 9.056 2.16 19
1.908 9.291 1.724 20
2.062 9.588 1.177 21
1.524 9.484 1.338 20
1.086 9.035 1.937 20
1.083 9.129 2.403 19
0.815 9.125 2.305 21
0.937 9.374 2.009 20
0.635 9.626 1.591 19
0.308 9.897 1.374 20
-0.021 9.747 2.108 21
-0.207 9.784 1.991 20
-0.548 9.723 2.175 20
-0.556 10.086 2.327 20
-1.064 10.134 2.124 20
-1.113 10.055 1.859 19
-1.308 10.146 1.387 21
-1.677 10.186 0.267 20
-1.47 10.388 2.612 19
-1.547 10.722 2.492 20
-1.537 10.438 1.901 20
-1.625 10.153 0.661 21
-1.486 10.299 1.268 19
-1.623 10.341 2.294 20
