8.686 -1.408 4.887 20
8.487 -1.767 5.064 20
8.275 -2.062 5.578 20
8.51 -1.772 5.131 21
8.798 -1.51 5.031 19
8.778 -1.396 5.568 21
8.727 -1.422 5.583 20
8.556 -1.593 5.475 19
8.643 -1.585 5.195 20
8.789 -1.748 5.058 20
8.846 -1.783 5.301 20
8.782 -1.737 5.583 20
8.795 -1.813 5.495 21
8.668 -1.933 5.435 19
8.802 -1.951 5.381 20
8.768 -1.841 5.375 21
8.751 -1.693 5.409 19
8.751 -1.593 5.483 21
8.623 -1.701 5.435 20
8.611 -1.911 5.539 20
8.589 -2.057 5.224 20
8.659 -1.865 5.424 20
8.659 -1.761 5.669 19
8.711 -1.957 5.407 20
8.637 -2.104 4.962 21
8.582 -2.015 6.318 19
9.232 -1.608 6.813 21
9.072 -1.842 6.611 20
9.433 -2.191 5.392 21
9.325 -2.209 4.755 18
9.442 -2.119 5.043 20
9.304 -2.084 5.916 21
9.486 -2.01 5.973 19
9.438 -1.75 5.715 20
9.327 -1.724 6.375 21
9.268 -1.822 5.924 19
9.267 -1.839 5.342 21
9.341 -1.785 5.361 19
9.462 -1.744 5.651 20
9.445 -1.774 5.72 20
9.504 -1.686 5.267 20
9.576 -1.629 5.354 20
9.881 -1.629 5.103 20
9.906 -1.629 5.192 21
9.794 -1.59 4.954 19
9.733 -1.421 4.839 20
10.0 -1.152 4.883 20
10.129 -1.019 5.102 20
10.169 -1.129 5.107 20
9.902 -1.192 5.051 21
9.698 -1.051 4.621 20
9.665 -0.626 4.543 20
9.574 -0.192 4.815 20
9.327 -0.117 4.806 19
9.295 -0.011 4.331 20
9.053 0.112 4.102 21
9.079 0.367 4.069 20
9.213 0.566 3.905 20
9.029 0.664 4.022 19
8.964 0.946 3.97 21
8.992 1.387 4.034 20
9.086 1.793 3.435 20
9.119 1.733 3.581 19
9.218 1.747 3.968 21
9.359 1.801 3.672 20
9.511 1.962 3.479 20
9.418 2.329 3.905 19
9.38 2.603 3.678 20
9.218 2.702 3.499 20
9.081 2.899 3.525 20
9.018 3.246 3.558 21
8.843 3.335 3.353 20
8.762 3.308 3.052 19
8.453 3.43 2.888 21
8.026 4.231 3.173 20
7.902 4.531 2.769 20
7.737 4.946 2.962 20
7.434 5.176 3.345 20
7.375 5.407 3.136 19
7.125 5.6 2.503 21
7.153 5.712 2.226 20
6.828 5.895 2.247 20
6.516 6.165 2.08 19
6.253 6.352 2.523 20
5.9 6.677 2.745 20
5.751 6.787 2.32 21
5.477 7.044 2.204 19
4.984 6.916 1.81 20
5.001 7.14 1.866 21
5.037 7.553 1.865 19
4.84 7.539 1.631 20
4.702 7.569 1.447 21
4.385 7.699 1.47 20
4.368 7.741 1.045 19
4.076 7.871 1.444 20
3.897 8.06 1.35 20
3.821 8.386 1.12 21
3.367 8.095 1.408 19
2.975 8.143 1.563 20
2.675 8.479 1.405 21
2.39 8.564 0.868 19
2.52 8.916 1.3 21
2.681 9.394 1.258 19
1.993 8.842 1.059 21
1.539 8.58 0.959 19
1.404 8.675 1.197 20
1.196 8.872 1.932 21
1.102 8.998 2.118 19
0.859 8.678 1.446 20
0.209 8.646 0.749 20
-0.325 9.249 1.189 21
-0.407 10.079 1.735 20
-0.694 9.885 1.674 19
-1.094 9.541 1.259 20
-1.947 9.363 1.183 21
-2.042 9.891 1.433 19
-2.117 10.211 0.803 21
-2.427 11.242 0.211 20
-2.357 10.498 1.985 19
-2.769 10.437 1.543 20
-2.608 10.302 -0.423 20
-2.612 10.074 -0.443 21
