8.575 -3.854 3.006 19
8.575 -3.963 3.573 20
8.757 -3.834 3.696 20
8.766 -3.667 3.737 20
8.843 -3.25 4.267 21
8.795 -2.593 4.439 19
8.71 -2.707 3.824 20
8.808 -2.862 3.909 20
8.8 -3.25 3.968 20
8.939 -3.616 3.324 21
8.866 -3.869 3.404 19
8.792 -3.98 3.763 20
8.754 -3.603 4.309 21
8.772 -3.621 4.796 20
8.671 -3.375 4.16 19
8.84 -3.442 3.7 20
8.866 -3.743 3.905 20
8.841 -3.931 4.119 21
9.037 -3.654 4.167 19
9.146 -3.555 4.301 21
9.129 -3.64 4.076 19
8.951 -3.558 4.095 21
8.796 -3.763 3.932 19
8.786 -3.6 4.345 20
9.491 -3.529 0.189 24
8.572 -3.062 5.029 16
9.014 -3.096 5.49 20
9.556 -3.379 4.797 20
9.792 -3.681 3.584 20
9.79 -3.87 2.724 23
9.404 -3.63 3.441 17
9.509 -3.156 4.071 21
9.578 -2.941 4.103 19
9.684 -2.947 4.29 20
9.82 -2.81 4.279 21
9.861 -2.711 3.858 19
9.643 -3.135 3.653 20
9.626 -3.217 3.645 21
9.762 -3.081 4.399 19
9.635 -2.792 4.279 21
9.95 -2.022 3.705 19
10.108 -2.157 3.367 20
10.192 -2.12 3.817 21
10.187 -1.839 3.748 19
10.202 -1.561 3.626 21
10.17 -1.351 3.494 19
10.023 -1.045 3.794 21
9.671 -1.193 4.314 20
9.648 -1.357 3.66 19
9.677 -1.022 3.335 21
9.745 -0.573 3.477 19
9.699 -0.004 3.641 20
9.576 0.31 3.587 21
9.345 0.446 3.476 19
9.319 0.73 3.271 21
9.079 1.057 2.854 20
9.085 1.559 2.792 19
8.825 1.9 2.982 21
8.817 1.888 2.507 19
8.743 2.264 2.525 21
8.598 2.574 3.091 19
8.413 3.097 3.193 20
8.435 3.542 2.897 21
8.326 3.735 2.551 19
8.042 3.836 2.183 21
7.847 4.061 2.386 20
7.8 4.56 3.228 20
7.847 4.943 3.053 19
7.758 4.931 2.112 20
7.477 5.14 1.827 21
7.066 5.041 1.11 19
6.803 5.301 1.809 20
6.903 6.138 2.65 21
6.464 6.476 2.355 19
6.545 6.641 1.665 21
6.1 6.514 1.437 20
5.551 6.57 0.906 19
5.38 6.789 1.228 21
5.144 7.022 1.767 19
5.461 7.602 1.695 21
5.477 8.004 1.039 20
5.132 8.049 0.639 19
4.524 7.535 1.328 21
4.446 7.595 1.658 19
4.231 7.931 1.907 21
4.18 8.178 1.257 19
3.923 8.319 0.71 20
3.526 8.424 1.045 21
3.444 8.725 1.165 20
3.2 8.848 1.162 20
2.742 8.599 1.029 20
3.082 9.429 0.716 20
1.807 8.982 1.299 20
1.06 8.921 0.744 19
0.396 8.557 0.913 21
-0.325 8.932 1.363 20
-0.662 9.954 1.003 20
-1.141 9.833 1.066 19
-1.384 9.993 0.901 20
-1.781 10.188 0.495 21
-2.27 10.423 0.602 19
-2.216 10.751 0.528 20
-1.91 10.542 0.337 21
-1.784 10.133 0.336 20
-1.535 10.015 -0.469 20
-1.66 10.003 -0.524 20
-1.134 10.256 1.074 20
-1.209 10.232 1.174 19
-0.857 10.06 -0.114 21
-0.983 9.663 -0.797 20
-1.033 9.696 0.171 19
