8.519 -4.101 4.203 20
8.6 -3.363 4.321 21
8.479 -3.269 5.069 19
8.505 -3.023 4.667 20
8.474 -3.221 4.539 20
8.383 -3.599 4.408 20
8.543 -3.687 4.356 21
8.654 -3.348 4.397 19
8.526 -3.682 5.085 20
8.493 -3.727 4.338 20
8.571 -3.869 4.287 20
8.594 -3.709 4.482 21
8.849 -3.566 4.743 19
9.0 -3.602 4.629 20
9.042 -3.804 4.384 20
8.943 -3.627 4.374 20
8.635 -3.756 5.145 21
8.628 -3.664 4.558 19
8.705 -3.743 4.804 21
8.737 -3.924 4.944 19
8.616 -3.877 4.722 20
8.588 -3.677 4.105 21
8.468 -3.272 4.303 19
8.442 -2.98 4.517 20
8.414 -3.035 5.809 20
8.922 -2.796 5.306 20
8.806 -3.545 3.699 21
8.49 -3.708 3.489 19
8.632 -3.664 3.622 20
8.654 -3.288 4.095 20
8.729 -3.094 4.499 20
8.757 -3.009 4.666 21
9.182 -2.902 4.348 19
9.53 -3.017 4.295 20
9.796 -3.599 4.14 20
9.874 -3.838 3.702 20
9.972 -3.986 4.19 21
10.326 -3.804 4.639 19
10.814 -3.788 5.004 21
10.753 -3.788 4.764 19
10.556 -3.863 4.441 20
10.566 -3.672 4.064 21
10.467 -3.044 4.384 19
10.286 -2.826 4.647 20
10.051 -3.188 4.609 21
9.802 -2.884 4.284 19
9.732 -2.332 4.469 20
9.478 -2.389 3.752 20
9.417 -2.115 3.518 20
9.243 -1.744 3.931 20
9.366 -1.379 3.418 20
9.156 -0.789 3.59 20
9.119 -0.741 2.149 20
9.066 -0.499 2.875 20
9.0 0.052 3.22 20
8.916 0.356 3.038 20
9.11 0.797 2.533 21
9.177 1.396 2.712 19
8.844 1.464 2.92 20
8.701 1.197 2.587 20
8.832 1.493 2.223 20
8.83 2.216 3.056 21
8.881 2.78 2.369 19
8.917 3.332 2.514 20
8.721 3.381 2.992 20
8.489 3.234 2.65 20
8.326 3.676 2.422 21
7.865 3.98 1.827 19
7.844 4.881 1.948 20
7.629 5.016 2.623 20
7.352 5.094 2.701 20
7.135 5.249 2.415 21
6.983 5.746 1.864 19
6.462 5.719 1.694 20
6.327 6.086 1.305 20
5.889 6.183 1.668 20
5.579 6.647 1.925 21
5.591 7.322 1.505 19
5.328 7.331 1.407 20
5.133 7.18 0.995 20
4.618 7.429 0.916 21
4.448 7.92 1.59 20
4.303 8.025 1.24 19
4.067 7.964 0.992 20
3.888 7.802 0.494 20
3.844 8.231 1.452 20
3.513 8.332 1.535 20
3.011 7.862 0.958 20
2.574 7.725 1.04 21
2.205 8.266 1.767 19
1.76 8.389 0.868 20
1.31 8.641 0.185 21
1.002 9.77 1.025 19
0.118 9.369 1.053 21
-0.023 9.278 0.564 21
-0.298 9.71 1.09 18
-0.435 9.814 1.184 21
-0.253 9.933 0.743 19
-0.552 9.851 0.298 21
-0.593 10.674 0.769 19
-0.856 10.603 0.973 21
-0.855 10.653 0.722 19
-1.028 10.711 1.539 20
-1.004 10.904 1.328 22
-1.057 10.612 0.96 18
-1.126 10.31 0.853 20
-0.93 10.395 0.804 21
-0.883 10.124 1.792 19
