8.267 -3.549 5.358 20
8.103 -3.163 5.431 19
8.139 -2.999 5.757 20
8.346 -2.524 6.058 21
8.278 -2.22 6.234 19
8.353 -2.259 5.34 20
8.255 -2.766 4.926 20
8.322 -2.82 5.526 20
8.565 -2.885 5.622 21
8.59 -3.064 5.386 20
8.46 -3.137 5.552 20
8.446 -3.263 5.703 19
8.334 -3.232 5.41 21
8.242 -2.963 5.957 20
8.305 -2.935 6.016 20
8.353 -3.006 5.543 19
8.356 -2.864 5.619 20
8.223 -3.003 5.967 20
8.467 -3.153 5.551 22
8.458 -3.175 5.279 19
8.635 -2.62 4.525 20
8.293 -2.502 6.683 19
8.572 -2.751 6.389 20
9.075 -3.123 5.495 21
9.001 -3.229 5.606 20
9.316 -3.166 6.221 19
9.517 -3.254 5.763 21
9.338 -3.25 5.975 19
9.477 -2.911 6.119 21
9.332 -2.751 5.755 20
9.254 -2.604 6.15 19
9.308 -2.571 5.998 21
9.457 -2.681 5.636 20
9.404 -2.762 5.384 20
9.55 -2.46 5.688 20
9.754 -2.287 5.663 19
9.641 -2.238 5.36 21
9.477 -2.272 5.289 20
9.647 -2.051 5.12 20
9.626 -2.056 4.837 20
9.651 -1.825 4.842 19
9.436 -1.627 4.859 21
9.496 -1.462 4.423 19
9.481 -1.351 4.603 21
9.413 -1.238 4.845 19
9.338 -1.037 4.319 21
9.158 -0.92 3.966 20
9.142 -0.583 3.458 19
9.165 -0.124 3.508 21
9.281 0.29 3.755 20
9.044 0.186 4.039 19
8.97 0.33 3.914 21
8.831 0.634 3.641 19
8.812 0.936 3.61 21
8.836 1.025 2.693 20
8.879 1.518 3.281 19
8.69 1.836 4.157 20
8.619 1.943 4.099 20
8.578 2.03 3.551 21
8.653 2.63 3.503 20
8.607 2.915 3.494 20
8.695 2.987 3.078 20
8.527 3.19 3.139 20
8.323 3.655 3.393 20
8.313 4.015 3.317 20
8.429 4.502 3.523 19
8.234 4.255 3.406 20
7.905 4.181 3.269 20
7.54 4.184 2.739 21
7.647 4.951 2.768 20
7.662 5.797 3.41 19
7.444 5.901 3.446 21
7.152 5.872 2.931 20
7.085 6.085 2.539 20
6.769 6.136 2.15 20
6.607 6.286 1.699 19
6.404 6.362 2.611 21
6.06 6.674 2.977 19
5.716 6.904 2.533 21
5.339 7.064 1.705 20
5.139 7.521 1.726 20
4.926 7.813 2.353 19
4.776 7.886 2.374 20
4.1 7.647 2.086 21
3.816 7.567 1.34 19
3.905 8.483 1.629 21
3.418 8.159 0.919 20
3.222 8.281 1.14 20
2.949 8.368 1.47 20
2.55 7.873 0.67 20
2.524 8.047 1.271 19
2.365 8.491 2.162 21
1.989 8.619 1.987 20
1.619 8.692 1.448 20
1.076 8.583 1.111 19
1.092 8.934 1.298 21
0.663 8.826 1.046 20
0.111 8.598 0.928 19
0.346 9.085 2.212 21
-0.222 9.651 1.537 20
-0.833 9.623 0.96 20
-1.216 9.481 1.459 19
-1.332 10.038 1.805 20
-1.659 9.903 1.561 21
-1.737 9.872 1.135 19
-2.083 9.703 1.759 21
-2.186 10.065 1.757 19
-2.451 10.242 1.129 21
-2.264 10.466 -2.003 19
-2.854 10.989 2.561 21
-2.536 11.347 3.521 19
-2.851 11.409 1.459 20
-2.797 10.485 0.586 20
