8.938 -1.748 5.243 21
8.956 -1.371 5.109 19
8.719 -1.573 5.427 21
8.697 -1.537 5.476 19
8.737 -1.084 5.154 20
8.691 -1.153 4.879 20
8.649 -1.442 5.197 20
8.757 -1.506 5.275 20
8.818 -1.545 5.1 21
8.749 -1.674 5.063 19
8.813 -1.723 4.94 20
8.812 -1.817 5.037 20
8.849 -1.827 5.072 21
8.908 -1.687 4.871 19
8.853 -1.586 5.112 20
8.819 -1.593 5.392 20
8.745 -1.695 5.134 20
8.822 -1.786 5.12 20
8.77 -1.741 4.573 21
8.628 -1.699 4.308 19
8.614 -1.562 5.932 21
9.022 -1.716 6.339 19
9.347 -1.88 5.158 21
9.366 -2.087 4.851 19
9.484 -2.429 5.287 20
9.515 -2.683 5.0 20
9.484 -2.621 5.5 20
9.575 -2.351 5.149 21
9.638 -2.208 5.418 20
9.557 -2.22 5.36 19
9.25 -2.318 4.641 30
9.348 -2.147 4.813 20
9.357 -1.984 5.076 21
9.406 -1.863 5.242 19
9.311 -1.957 5.211 20
9.398 -1.983 4.84 21
9.499 -1.904 4.865 20
9.717 -1.795 4.864 19
9.862 -1.677 4.986 20
9.82 -1.633 5.093 21
9.727 -1.517 5.107 19
9.996 -1.314 4.822 20
10.029 -1.328 4.635 20
10.007 -1.302 4.697 21
9.933 -1.228 4.779 20
9.883 -1.001 5.176 19
10.073 -0.73 5.007 21
10.077 -0.722 4.551 19
10.023 -0.759 4.127 20
9.865 -0.572 4.512 21
9.922 -0.225 4.631 20
9.865 -0.059 4.538 19
9.765 -0.039 4.475 21
9.626 0.096 4.496 19
9.523 0.311 4.241 21
9.491 0.578 4.097 19
9.32 1.01 3.493 20
9.157 1.06 3.464 21
9.079 1.366 3.485 20
9.016 1.808 3.514 20
8.824 2.011 3.762 20
8.721 2.127 3.295 20
8.776 2.42 3.13 20
8.76 2.529 3.163 20
8.711 2.737 3.157 20
8.455 2.959 3.444 20
8.193 3.193 3.573 20
8.225 3.363 2.875 19
8.207 3.786 2.548 21
8.062 4.125 3.02 20
7.907 4.212 3.03 20
7.723 4.378 2.787 20
7.436 4.655 2.818 20
7.534 4.913 2.489 19
7.428 4.905 2.531 20
7.316 5.13 3.428 21
7.198 5.3 2.907 20
6.969 5.624 2.02 19
6.832 6.112 2.042 20
6.642 6.446 2.281 21
6.427 6.456 2.559 20
6.349 6.696 2.524 19
5.93 6.862 2.163 21
5.979 7.06 1.896 20
5.926 7.374 2.366 20
5.655 7.301 2.688 20
5.252 7.188 2.093 20
5.013 7.424 1.347 19
5.006 7.792 1.774 20
5.043 7.961 2.391 21
4.685 7.78 2.544 20
4.124 7.489 1.878 20
3.926 7.848 1.428 20
3.691 8.32 1.272 20
3.853 8.713 1.941 20
3.432 8.496 1.842 19
2.988 8.123 1.671 21
3.03 8.637 1.426 20
2.523 8.665 1.214 19
2.347 8.584 1.614 21
1.833 8.505 1.584 20
1.294 8.378 1.69 20
0.87 8.515 1.881 20
0.523 8.908 1.201 19
0.271 9.481 0.82 21
-0.603 9.607 1.936 20
-0.603 9.607 1.936 20
-1.49 9.577 0.936 19
-1.441 9.878 0.9 21
-1.525 9.986 0.95 20
-1.453 10.084 0.731 19
-1.7 9.898 1.294 21
-1.699 10.092 1.539 20
-1.579 10.048 0.498 19
-2.168 10.478 2.19 20
-1.713 10.784 2.986 21
-2.391 10.37 2.695 19
-1.911 10.38 0.652 20
-2.341 10.036 0.134 20
-2.198 10.306 1.12 21
-2.115 10.298 2.314 20
