0.301 0.409 10.978 20
0.342 0.44 11.079 20
0.324 0.413 11.177 20
0.325 0.423 11.0 20
0.373 0.382 11.148 20
0.322 0.405 11.053 21
0.313 0.409 11.084 20
0.341 0.397 11.087 19
0.292 0.405 11.079 20
0.335 0.429 11.093 20
0.344 0.417 11.031 21
0.335 0.414 11.051 19
0.3 0.433 11.132 20
0.354 0.433 11.051 20
0.336 0.464 11.072 20
0.305 0.383 11.059 20
0.359 0.431 11.069 20
0.343 0.426 11.082 20
0.308 0.42 11.06 21
0.33 0.423 11.098 19
0.348 0.419 11.102 21
0.331 0.44 11.085 19
0.33 0.426 11.053 20
0.344 0.405 11.073 20
0.332 0.41 11.079 20
0.324 0.328 10.033 20
0.536 0.813 12.85 20
0.871 0.668 11.675 28
0.102 0.207 10.067 32
0.523 0.525 11.255 20
0.33 0.365 11.14 21
0.319 0.359 10.745 19
0.322 0.443 11.405 20
0.347 0.449 10.982 20
0.314 0.393 11.036 20
0.323 0.405 11.041 20
0.311 0.404 11.066 21
0.311 0.427 11.081 22
0.359 0.392 11.154 17
0.338 0.403 11.066 21
0.324 0.422 11.086 19
0.335 0.41 11.064 21
0.335 0.402 11.072 20
0.347 0.399 11.031 19
0.334 0.42 11.073 21
0.318 0.393 11.114 19
0.326 0.415 11.045 21
0.343 0.379 11.05 19
0.332 0.421 11.069 20
0.319 0.414 11.092 20
0.344 0.416 11.067 20
0.319 0.389 11.049 20
0.335 0.415 11.056 20
0.306 0.386 11.019 20
0.328 0.416 11.057 20
0.348 0.387 11.08 21
0.329 0.396 11.106 19
0.324 0.421 11.012 21
0.314 0.419 11.109 19
0.305 0.42 11.074 20
0.328 0.376 11.038 21
0.319 0.389 11.108 19
0.334 0.447 11.082 20
0.318 0.411 11.121 20
0.323 0.422 11.092 20
0.354 0.421 11.075 20
0.337 0.374 11.038 20
0.324 0.396 11.056 20
0.331 0.383 11.087 20
0.342 0.379 11.086 21
0.317 0.39 11.008 19
0.336 0.433 11.063 20
0.323 0.405 11.005 20
0.324 0.415 11.045 20
0.306 0.41 11.086 20
0.306 0.421 11.106 20
0.334 0.413 11.091 20
0.332 0.402 11.08 20
0.314 0.404 11.045 20
0.317 0.429 11.084 21
0.337 0.422 11.064 19
0.301 0.403 11.103 20
0.33 0.446 11.085 20
0.302 0.419 11.132 20
0.354 0.426 11.051 20
0.33 0.383 11.068 20
0.342 0.423 11.19 21
0.307 0.433 11.023 19
0.314 0.411 11.072 20
0.358 0.404 10.985 20
0.313 0.431 11.078 21
0.313 0.414 11.094 19
0.319 0.416 11.106 20
0.329 0.396 11.066 20
0.32 0.399 11.105 20
0.319 0.419 11.03 20
0.329 0.374 11.092 20
0.323 0.399 11.082 20
0.329 0.403 11.082 20
0.325 0.434 11.097 21
0.316 0.422 11.066 19
0.323 0.415 11.106 21
0.319 0.408 11.081 19
0.301 0.402 11.045 20
0.341 0.385 11.116 20
0.329 0.431 11.078 20
0.296 0.42 11.141 20
0.288 0.428 11.085 21
0.326 0.421 11.076 19
0.342 0.389 11.07 21
0.34 0.409 11.069 19
0.334 0.439 11.062 20
0.336 0.416 11.111 21
0.312 0.398 11.062 19
0.332 0.439 11.06 20
0.317 0.422 11.079 21
0.344 0.42 11.051 19
0.311 0.403 11.116 20
0.328 0.393 11.115 20
0.328 0.397 11.1 21
0.312 0.426 11.064 19
0.317 0.414 11.08 20
0.334 0.378 11.041 20
0.329 0.39 11.068 20
0.35 0.404 11.035 21
0.312 0.411 11.05 19
0.343 0.399 11.059 20
0.319 0.373 11.078 21
0.343 0.419 11.108 19
0.325 0.438 11.12 21
0.312 0.409 11.041 19
0.306 0.379 11.085 21
0.312 0.431 11.102 19
0.334 0.443 11.037 20
0.304 0.431 11.118 21
0.318 0.427 11.081 19
0.329 0.38 11.091 21
0.329 0.415 11.067 20
0.32 0.413 11.044 19
0.326 0.398 11.043 21
0.319 0.408 11.08 19
0.288 0.407 11.049 21
0.342 0.427 11.066 20
0.322 0.411 11.093 19
0.319 0.42 11.096 21
0.344 0.432 11.067 19
0.329 0.411 11.097 20
0.329 0.413 11.074 21
0.33 0.392 11.061 19
0.322 0.427 11.064 21
0.353 0.414 11.099 19
0.335 0.432 11.075 20
0.335 0.417 11.088 20
0.3 0.428 11.061 20
0.32 0.398 11.074 21
0.343 0.42 11.087 19
0.322 0.422 11.122 20
0.331 0.433 11.084 20
0.335 0.402 11.023 20
0.348 0.413 11.078 21
0.328 0.439 11.12 19
0.344 0.417 11.099 20
0.306 0.405 11.064 20
0.316 0.401 11.048 20
0.33 0.404 11.099 21
0.299 0.409 11.09 20
0.305 0.391 11.084 19
0.307 0.409 11.104 21
0.349 0.416 11.094 19
0.325 0.429 11.081 21
0.325 0.409 11.069 19
0.313 0.399 11.053 20
0.331 0.403 11.074 21
0.326 0.433 11.056 19
0.318 0.403 11.031 21
0.304 0.417 11.121 19
0.343 0.396 11.084 20
0.311 0.385 11.076 21
0.324 0.417 11.07 19
0.32 0.42 11.073 21
0.33 0.459 11.124 19
0.328 0.398 11.094 20
0.319 0.422 11.067 21
0.308 0.411 11.047 19
0.328 0.408 11.043 21
0.349 0.377 11.044 19
0.325 0.404 11.092 21
0.344 0.422 11.112 20
0.267 0.286 9.205 19
0.482 0.523 11.96 20
0.372 0.441 11.722 20
0.317 0.293 9.557 21
0.326 0.508 11.789 19
