0.288 0.385 11.063 20
0.374 0.391 11.057 20
0.31 0.398 11.172 20
0.32 0.373 11.039 20
0.312 0.397 10.965 21
0.311 0.417 11.142 22
0.319 0.413 11.13 18
0.296 0.391 11.072 19
0.318 0.401 11.105 21
0.336 0.384 11.066 20
0.331 0.377 11.079 19
0.34 0.374 11.133 20
0.318 0.384 11.061 20
0.319 0.399 11.138 21
0.317 0.383 11.108 20
0.332 0.385 11.103 19
0.324 0.382 11.08 20
0.336 0.422 11.06 20
0.292 0.403 11.078 21
0.331 0.385 11.104 20
0.33 0.371 10.802 19
0.687 0.801 12.99 20
0.534 0.519 11.442 20
0.123 0.255 10.366 20
0.477 0.525 11.346 21
0.262 0.294 10.874 19
0.346 0.384 10.91 20
0.366 0.399 11.281 21
0.34 0.399 11.045 19
0.319 0.366 11.032 21
0.336 0.396 11.106 19
0.3 0.362 11.139 20
0.326 0.401 11.063 20
0.314 0.384 11.128 20
0.308 0.367 11.078 21
0.322 0.393 11.086 19
0.326 0.403 11.093 20
0.342 0.395 11.133 21
0.316 0.391 11.108 19
0.331 0.393 11.072 21
0.32 0.391 11.05 19
0.317 0.405 11.11 21
0.319 0.422 11.063 19
0.322 0.41 11.082 21
0.328 0.377 11.069 20
0.334 0.395 11.123 19
0.359 0.392 11.091 21
0.358 0.41 11.087 19
0.32 0.402 11.102 20
0.318 0.38 11.1 21
0.332 0.392 11.069 19
0.33 0.385 11.066 21
0.314 0.385 11.1 20
0.306 0.393 11.087 20
0.328 0.373 11.045 20
0.331 0.399 11.062 19
0.335 0.405 11.088 20
0.325 0.377 11.081 20
0.336 0.389 11.064 20
0.313 0.389 11.062 21
0.304 0.38 11.062 19
0.346 0.378 11.079 21
0.308 0.38 11.073 20
0.296 0.37 11.073 20
0.314 0.429 11.049 20
0.328 0.367 11.094 19
0.341 0.366 11.102 21
0.306 0.423 11.096 20
0.33 0.409 11.067 19
0.323 0.402 11.084 21
0.343 0.401 11.11 19
0.329 0.386 11.072 21
0.33 0.366 11.06 19
0.32 0.368 11.091 20
0.328 0.39 11.085 21
0.306 0.396 11.126 20
0.346 0.376 11.064 20
0.331 0.421 11.023 19
0.314 0.414 11.127 21
0.323 0.383 11.051 20
0.317 0.415 11.135 20
0.344 0.41 11.064 20
0.336 0.35 11.084 19
0.329 0.387 11.061 20
0.334 0.384 11.105 21
0.331 0.402 11.096 19
0.329 0.402 11.114 21
0.311 0.383 11.102 19
0.318 0.378 11.099 21
0.319 0.404 11.076 20
0.31 0.421 11.081 20
0.319 0.427 11.111 20
0.342 0.399 11.093 19
0.331 0.414 11.082 20
0.324 0.425 11.097 21
0.34 0.384 11.079 19
0.305 0.376 11.036 20
0.329 0.398 11.061 20
0.3 0.386 11.081 21
0.325 0.401 11.085 20
0.328 0.373 11.054 19
0.299 0.403 11.091 21
0.318 0.398 11.103 19
0.332 0.385 11.091 20
0.348 0.41 11.067 21
0.307 0.41 11.078 19
0.308 0.374 11.067 21
0.324 0.397 11.104 19
0.336 0.405 11.096 20
0.305 0.364 11.116 22
0.337 0.391 11.05 18
0.36 0.405 11.09 21
0.299 0.393 11.111 19
0.336 0.404 11.076 20
0.308 0.36 11.088 20
0.334 0.422 11.085 20
0.319 0.395 11.067 20
0.312 0.405 11.064 20
0.298 0.39 11.067 20
0.336 0.374 11.076 20
0.31 0.385 11.068 20
0.341 0.387 11.079 21
0.337 0.38 11.063 19
0.318 0.42 11.066 20
0.29 0.359 11.111 20
0.319 0.387 11.09 20
0.323 0.39 11.074 20
0.318 0.425 11.133 20
0.344 0.417 11.078 21
0.347 0.393 11.078 20
0.322 0.364 11.105 19
0.323 0.404 11.098 20
0.313 0.382 11.06 20
0.349 0.392 11.088 20
0.304 0.366 11.124 20
0.336 0.396 11.091 20
0.316 0.402 11.097 21
0.335 0.379 11.136 19
0.331 0.389 11.093 20
0.285 0.399 11.051 20
0.307 0.392 11.041 20
0.329 0.378 11.112 30
0.362 0.404 11.085 22
0.341 0.396 11.067 18
0.342 0.389 11.068 20
0.344 0.407 11.081 20
0.316 0.38 11.082 20
0.349 0.398 11.037 20
0.34 0.429 11.063 30
0.329 0.405 11.068 20
0.341 0.417 11.105 20
0.305 0.401 11.055 21
0.34 0.402 11.086 19
0.328 0.404 11.092 30
0.314 0.416 11.069 20
0.332 0.382 11.085 22
0.344 0.39 11.128 18
0.332 0.382 11.05 21
0.354 0.398 11.093 19
0.33 0.379 11.09 20
0.325 0.365 11.061 20
0.305 0.389 11.035 20
0.326 0.426 11.108 21
0.326 0.422 11.066 19
0.318 0.416 11.094 20
0.341 0.408 11.115 20
0.344 0.416 11.066 20
0.355 0.407 11.092 20
0.323 0.41 11.074 20
0.347 0.377 11.059 20
0.341 0.397 11.072 20
0.3 0.398 11.054 21
0.338 0.392 11.081 20
0.354 0.399 11.094 19
0.316 0.391 11.111 20
0.316 0.413 11.067 20
0.312 0.389 11.082 20
0.335 0.373 11.047 20
0.336 0.409 11.12 20
0.326 0.41 11.066 20
0.326 0.41 11.104 20
0.318 0.397 11.078 20
0.317 0.402 11.081 21
0.302 0.383 11.082 20
0.316 0.377 11.092 19
0.301 0.372 11.05 20
0.326 0.368 11.09 20
0.33 0.435 11.104 20
0.314 0.391 11.092 20
0.332 0.367 11.061 20
0.323 0.414 11.103 20
0.331 0.413 11.086 20
0.319 0.403 11.055 25
0.331 0.41 11.092 15
0.346 0.376 11.081 20
0.325 0.383 11.081 20
0.312 0.399 11.08 20
0.344 0.395 11.108 20
0.324 0.386 11.124 20
0.31 0.401 11.098 20
0.322 0.387 11.075 20
0.343 0.374 11.096 20
0.319 0.399 11.057 21
0.344 0.393 11.087 19
0.343 0.407 11.105 20
0.328 0.416 11.088 20
0.313 0.39 11.068 20
0.35 0.402 11.069 21
0.311 0.374 11.064 19
0.293 0.39 11.097 20
0.332 0.391 11.135 20
0.317 0.378 11.061 20
0.32 0.407 11.068 23
0.296 0.403 11.074 17
0.325 0.386 11.085 20
0.335 0.38 11.097 20
0.329 0.373 11.099 20
0.316 0.401 11.062 20
0.307 0.401 11.064 20
0.326 0.39 11.08 20
0.328 0.426 11.111 20
0.325 0.393 11.081 20
0.328 0.399 11.063 21
0.343 0.379 10.625 19
0.203 0.797 12.729 20
0.158 0.415 11.924 21
0.326 0.484 11.481 20
0.343 0.223 9.679 20
0.337 0.423 11.433 19
0.376 0.411 11.019 20
