0.352 0.378 10.884 21
0.347 0.425 11.049 29
0.329 0.376 11.142 20
0.314 0.402 10.996 21
0.346 0.419 11.175 19
0.355 0.423 11.109 21
0.306 0.407 11.026 20
0.362 0.422 11.081 19
0.338 0.409 11.032 20
0.317 0.403 11.059 20
0.305 0.391 11.082 21
0.334 0.41 11.019 19
0.317 0.407 11.148 20
0.335 0.423 11.08 20
0.332 0.409 11.102 20
0.341 0.396 11.141 20
0.319 0.427 11.038 20
0.304 0.42 11.084 21
0.332 0.391 11.042 29
0.372 0.358 11.064 20
0.347 0.417 11.045 21
-0.403 -0.019 8.067 19
0.808 0.649 12.546 20
0.451 0.529 11.164 20
-0.174 0.088 10.051 20
0.535 0.571 11.426 20
0.3 0.347 11.171 20
0.276 0.374 10.663 20
0.348 0.449 11.424 20
0.33 0.443 10.976 20
0.33 0.416 11.012 20
0.371 0.414 11.115 20
0.334 0.404 11.136 22
0.317 0.422 11.03 19
0.338 0.368 11.09 20
0.322 0.396 11.024 20
0.319 0.382 11.123 19
0.312 0.403 11.063 21
0.325 0.407 11.059 19
0.334 0.434 11.086 21
0.326 0.433 11.086 20
0.328 0.419 11.051 19
0.32 0.44 11.086 21
0.336 0.415 11.03 19
0.37 0.397 11.062 21
0.338 0.417 11.033 20
0.318 0.407 11.087 19
0.311 0.373 11.076 20
0.336 0.438 11.097 20
0.313 0.405 11.103 22
0.328 0.402 11.027 18
0.326 0.391 11.059 20
0.329 0.437 11.064 20
0.319 0.423 11.064 20
0.338 0.403 11.05 20
0.32 0.443 11.035 21
0.365 0.385 11.078 19
0.302 0.404 11.062 21
0.337 0.42 11.076 19
0.312 0.432 11.059 20
0.329 0.433 11.063 21
0.335 0.407 11.051 19
0.318 0.405 11.051 20
0.33 0.422 11.097 21
0.331 0.427 11.076 19
0.341 0.414 11.06 21
0.326 0.419 11.051 19
0.316 0.414 11.104 22
0.354 0.402 11.064 18
0.332 0.392 11.079 20
0.337 0.423 11.12 21
0.307 0.407 11.076 19
0.331 0.409 11.063 21
0.32 0.429 11.126 19
0.304 0.425 11.097 20
0.326 0.405 11.027 21
0.332 0.407 11.069 19
0.335 0.443 11.084 21
0.332 0.428 11.066 20
0.318 0.411 11.098 19
0.312 0.384 11.099 21
0.353 0.402 11.039 19
0.338 0.386 11.102 20
0.35 0.393 11.109 20
0.329 0.409 11.15 20
0.34 0.39 11.076 21
0.322 0.414 11.092 20
0.331 0.425 11.064 20
0.343 0.401 11.121 19
0.344 0.419 11.044 20
0.336 0.415 11.12 21
0.293 0.422 11.032 20
0.335 0.403 11.061 20
0.341 0.401 11.07 19
0.338 0.408 11.11 21
0.302 0.402 11.064 20
0.293 0.41 11.044 19
0.336 0.397 11.078 21
0.334 0.422 11.1 20
0.326 0.396 11.07 19
0.33 0.41 11.032 21
0.371 0.417 11.055 19
0.305 0.403 11.084 21
0.33 0.396 11.104 19
0.325 0.408 11.099 21
0.331 0.401 11.087 20
0.326 0.417 11.073 19
0.347 0.437 11.035 21
0.337 0.403 11.081 19
0.356 0.417 11.104 20
0.346 0.426 11.074 21
0.32 0.391 11.054 19
0.332 0.399 11.072 21
0.343 0.376 11.081 19
0.332 0.417 11.09 21
0.334 0.411 11.03 20
0.312 0.403 11.041 19
0.325 0.408 11.076 21
0.316 0.411 11.098 19
0.337 0.396 11.073 20
0.343 0.387 11.115 21
0.311 0.378 11.109 19
0.331 0.41 11.072 21
0.328 0.392 11.088 19
0.334 0.385 11.115 21
0.32 0.405 11.085 20
0.325 0.389 11.064 19
0.323 0.413 11.111 20
0.35 0.415 11.055 20
0.361 0.415 11.127 20
0.317 0.391 11.057 21
0.335 0.408 11.05 19
0.323 0.401 11.092 21
0.348 0.398 11.035 20
0.32 0.441 11.041 20
0.356 0.432 11.039 19
0.337 0.403 11.098 20
0.306 0.42 11.047 21
0.319 0.408 11.06 19
0.322 0.421 11.048 20
0.338 0.405 11.063 20
0.326 0.416 11.07 20
0.312 0.432 11.097 21
0.34 0.417 11.086 19
0.34 0.39 11.011 20
0.358 0.405 11.059 20
0.323 0.396 11.033 20
0.274 0.413 11.097 21
0.33 0.378 11.061 19
0.307 0.429 11.037 21
0.316 0.419 11.086 19
0.323 0.422 11.088 20
0.33 0.415 11.096 21
0.302 0.397 11.087 19
0.342 0.405 11.07 20
0.308 0.408 11.059 20
0.326 0.408 11.097 20
0.325 0.415 11.07 21
0.335 0.411 11.072 19
0.33 0.429 11.106 20
0.319 0.389 11.026 21
0.332 0.408 11.045 19
0.336 0.426 11.056 21
0.326 0.401 11.108 19
0.352 0.401 11.102 20
0.36 0.422 11.111 21
0.316 0.397 11.08 19
0.331 0.403 11.03 21
0.318 0.419 11.038 19
0.322 0.411 11.114 20
0.335 0.413 11.098 20
0.334 0.382 10.544 20
0.227 0.898 13.449 20
0.136 0.455 12.015 20
0.426 0.403 10.633 20
0.275 0.441 10.947 20
