0.274 0.344 10.914 20
0.346 0.365 10.933 20
0.322 0.356 11.243 20
0.311 0.399 10.99 20
0.307 0.395 11.0 21
0.341 0.397 11.132 20
0.31 0.393 11.05 21
0.318 0.409 11.136 18
0.334 0.359 11.09 20
0.322 0.38 11.1 20
0.294 0.385 11.133 21
0.299 0.393 11.05 19
0.295 0.358 11.139 25
0.326 0.405 11.078 15
0.306 0.409 11.106 20
0.324 0.402 11.047 22
0.334 0.391 11.087 18
0.293 0.396 11.096 20
0.308 0.401 11.112 21
0.322 0.392 11.091 19
0.329 0.408 11.084 21
0.332 0.402 11.11 20
0.305 0.395 11.094 19
0.3 0.408 11.068 20
0.308 0.41 11.072 20
0.313 0.372 11.061 20
0.308 0.397 11.105 20
0.316 0.384 11.064 20
0.32 0.389 11.105 20
0.338 0.354 11.099 21
0.322 0.397 11.115 20
0.334 0.402 11.076 19
0.326 0.426 11.064 26
0.332 0.371 11.099 35
0.314 0.373 11.094 20
0.098 0.172 9.37 19
0.499 0.674 12.408 20
0.688 0.602 11.472 20
0.653 0.604 11.595 20
-0.096 0.095 10.126 20
0.519 0.566 11.486 20
0.148 0.257 10.824 20
0.447 0.474 11.176 20
0.314 0.393 11.206 20
0.275 0.367 10.814 20
0.313 0.35 11.147 21
0.364 0.422 11.156 23
0.305 0.385 11.093 16
0.319 0.39 11.049 20
0.312 0.397 11.092 21
0.356 0.386 11.099 19
0.341 0.39 11.102 20
0.314 0.402 11.087 20
0.325 0.389 11.069 21
0.341 0.393 11.108 19
0.31 0.361 11.096 20
0.313 0.392 11.062 20
0.314 0.414 11.079 20
0.311 0.384 11.086 20
0.32 0.366 11.054 21
0.319 0.402 11.067 19
0.334 0.401 11.108 20
0.312 0.419 11.132 20
0.348 0.395 11.053 20
0.324 0.392 11.073 21
0.335 0.399 11.076 19
0.314 0.407 11.082 21
0.32 0.399 11.084 19
0.332 0.404 11.082 20
0.332 0.374 11.039 20
0.334 0.392 11.061 20
0.322 0.374 11.099 21
0.335 0.378 11.085 19
0.32 0.387 11.084 21
0.324 0.407 11.074 19
0.344 0.378 11.117 20
0.305 0.408 11.096 20
0.306 0.397 11.079 20
0.335 0.368 11.045 21
0.311 0.368 11.097 21
0.336 0.352 11.068 19
0.306 0.372 11.05 19
0.316 0.389 11.05 20
0.337 0.378 11.086 21
0.301 0.384 11.088 20
0.322 0.409 11.108 19
0.338 0.358 11.056 20
0.316 0.378 11.081 20
0.344 0.378 11.103 20
0.325 0.361 11.098 21
0.32 0.386 11.066 19
0.324 0.368 11.102 20
0.305 0.367 11.074 20
0.323 0.413 11.066 21
0.329 0.392 11.081 20
0.32 0.383 11.07 19
0.31 0.38 11.11 20
0.329 0.379 11.048 20
0.308 0.391 11.068 21
0.324 0.385 11.097 23
0.311 0.377 11.073 17
0.336 0.408 11.088 19
0.331 0.385 11.105 20
0.332 0.392 11.062 20
0.316 0.397 11.123 20
0.325 0.368 11.118 20
0.306 0.372 11.098 20
0.305 0.408 11.092 20
0.323 0.402 11.102 20
0.335 0.386 11.068 20
0.334 0.391 11.102 21
0.33 0.371 11.094 19
0.33 0.365 11.09 20
0.311 0.391 11.091 20
0.319 0.391 11.123 20
0.307 0.386 11.103 20
0.322 0.385 11.09 20
0.332 0.377 11.091 20
0.331 0.39 11.127 20
0.314 0.385 11.097 21
0.318 0.386 11.057 19
0.322 0.386 11.085 20
0.304 0.395 11.116 20
0.32 0.395 11.12 21
0.322 0.37 11.07 20
0.319 0.37 11.088 19
0.328 0.373 11.102 20
0.33 0.366 11.129 20
0.332 0.387 11.121 20
0.334 0.374 11.078 20
0.326 0.362 11.092 20
0.312 0.38 11.062 20
0.307 0.397 11.082 20
0.299 0.411 11.084 21
0.329 0.396 11.106 19
0.328 0.383 11.066 20
0.316 0.421 11.054 20
0.323 0.385 11.092 20
0.323 0.362 11.104 20
0.34 0.385 11.069 20
0.331 0.391 11.094 20
0.292 0.374 11.091 20
0.289 0.355 11.088 29
0.316 0.38 11.02 31
0.323 0.407 11.048 20
0.317 0.391 11.081 20
0.328 0.393 11.086 20
0.326 0.393 11.115 20
0.314 0.402 11.082 20
0.341 0.387 11.129 20
0.295 0.395 11.123 20
0.348 0.404 11.086 20
0.316 0.411 11.075 21
0.295 0.378 11.08 20
0.324 0.393 11.117 19
0.32 0.395 11.124 20
0.312 0.41 11.086 20
0.308 0.379 11.084 20
0.325 0.391 11.079 20
0.314 0.393 11.057 20
0.306 0.389 11.088 20
0.296 0.38 11.099 20
0.306 0.371 11.037 20
0.319 0.396 11.045 21
0.323 0.379 11.106 19
0.301 0.389 11.064 20
0.294 0.39 11.068 20
0.312 0.399 11.111 21
0.318 0.425 11.097 27
0.305 0.386 11.114 32
0.302 0.397 11.068 20
0.302 0.359 11.099 21
0.374 0.332 11.498 29
0.486 0.517 11.573 30
0.219 0.189 9.582 20
0.377 0.502 11.72 20
