0.347 0.405 10.983 20
0.3 0.365 11.235 19
0.322 0.416 10.985 21
0.31 0.414 11.164 20
0.305 0.423 10.988 19
0.342 0.423 11.176 20
0.329 0.399 11.121 21
0.316 0.382 11.018 19
0.368 0.392 11.025 20
0.342 0.409 11.066 20
0.304 0.425 11.121 20
0.326 0.437 11.082 21
0.324 0.426 11.073 19
0.336 0.426 11.09 22
0.366 0.395 11.075 18
0.356 0.379 11.07 20
0.304 0.422 11.111 20
0.308 0.409 11.068 20
0.323 0.42 11.102 21
0.319 0.393 11.099 19
0.352 0.396 11.076 21
0.347 0.423 11.048 20
0.338 0.432 11.085 19
0.33 0.433 11.059 20
0.328 0.402 11.109 20
-0.481 0.008 8.362 20
0.78 0.61 12.05 20
0.328 0.48 11.257 20
0.11 0.213 10.272 20
0.39 0.504 11.273 21
0.413 0.423 11.32 19
0.324 0.348 10.607 20
0.355 0.41 11.274 20
0.316 0.403 11.033 20
0.368 0.397 11.106 20
0.344 0.423 11.1 20
0.308 0.441 11.085 21
0.36 0.421 11.1 19
0.346 0.409 11.079 20
0.343 0.427 11.08 20
0.366 0.42 11.068 20
0.328 0.41 11.072 20
0.318 0.393 11.079 20
0.35 0.397 11.064 21
0.33 0.41 11.072 19
0.296 0.422 11.12 20
0.378 0.415 11.05 20
0.348 0.441 11.068 20
0.318 0.42 11.148 20
0.337 0.405 11.064 20
0.311 0.398 11.063 20
0.331 0.425 11.108 20
0.33 0.419 11.076 20
0.324 0.413 11.068 20
0.358 0.411 11.086 21
0.329 0.391 11.031 19
0.283 0.461 11.135 21
0.314 0.429 11.124 19
0.338 0.384 11.061 20
0.332 0.397 11.032 21
0.334 0.411 11.049 19
0.307 0.42 11.068 20
0.318 0.414 11.115 20
0.346 0.427 11.104 20
0.383 0.42 11.021 20
0.318 0.417 11.085 20
0.336 0.415 11.079 21
0.299 0.435 11.085 19
0.342 0.361 11.024 20
0.318 0.409 11.092 20
0.323 0.403 11.122 21
0.323 0.422 11.078 19
0.329 0.44 11.081 20
0.341 0.396 11.061 20
0.33 0.428 11.121 20
0.298 0.407 11.112 20
0.324 0.395 11.048 20
0.314 0.42 11.056 20
0.334 0.382 11.061 20
0.322 0.396 11.041 20
0.302 0.429 11.066 20
0.341 0.399 11.096 20
0.334 0.396 11.088 20
0.336 0.387 11.048 20
0.331 0.397 11.093 20
0.322 0.428 11.059 20
0.295 0.463 11.104 21
0.318 0.402 11.019 19
0.338 0.399 11.066 21
0.362 0.391 11.064 19
0.33 0.42 11.08 20
0.346 0.393 11.055 20
0.359 0.395 11.069 20
0.33 0.405 11.093 20
0.353 0.413 11.075 20
0.29 0.438 11.09 20
0.331 0.393 11.075 20
0.322 0.407 11.039 21
0.331 0.395 11.086 19
0.31 0.399 11.069 20
0.364 0.441 11.044 20
0.319 0.41 11.144 20
0.313 0.407 11.055 20
0.313 0.419 11.049 20
0.307 0.405 11.103 20
0.312 0.407 11.045 20
0.326 0.456 11.15 21
0.324 0.402 11.038 19
0.289 0.399 11.094 20
0.367 0.422 11.066 20
0.343 0.392 11.056 22
0.324 0.427 11.082 18
0.288 0.421 11.096 20
0.31 0.438 11.055 20
0.343 0.398 11.064 20
0.343 0.414 11.053 20
0.335 0.395 11.129 20
0.301 0.422 11.075 20
0.353 0.426 11.079 20
0.332 0.413 11.059 20
0.359 0.415 11.079 21
0.361 0.405 11.064 19
0.344 0.433 11.07 20
0.347 0.432 11.08 20
0.335 0.387 11.07 20
0.308 0.407 11.045 20
0.311 0.409 11.011 21
0.348 0.423 11.086 19
0.301 0.384 11.09 20
0.312 0.42 11.057 20
0.311 0.372 11.099 20
0.334 0.428 11.059 21
0.341 0.382 11.126 19
0.334 0.416 11.067 20
0.332 0.367 11.088 21
0.31 0.393 11.093 19
0.314 0.45 11.074 20
0.311 0.45 11.053 21
0.344 0.428 11.056 19
0.334 0.416 11.069 21
0.323 0.395 11.051 19
0.323 0.433 11.091 21
0.305 0.42 11.066 20
0.311 0.402 11.12 19
0.306 0.402 11.087 20
0.328 0.407 11.108 20
0.326 0.423 11.067 20
0.312 0.445 11.114 20
0.292 0.433 11.069 20
0.326 0.459 11.063 20
0.349 0.395 11.061 20
0.307 0.443 11.111 21
0.34 0.398 11.096 19
0.3 0.392 11.066 20
0.329 0.431 11.074 20
0.308 0.42 11.08 20
0.334 0.401 11.055 20
0.294 0.413 11.054 20
0.302 0.419 11.108 20
0.362 0.413 11.067 20
0.359 0.376 11.067 20
0.343 0.403 11.076 20
0.324 0.376 11.075 20
0.307 0.428 11.05 20
0.3 0.396 11.124 20
0.325 0.419 11.078 20
0.343 0.391 11.037 20
0.331 0.431 11.08 20
0.352 0.407 11.102 20
0.31 0.408 11.062 20
0.336 0.44 11.085 21
0.332 0.428 11.07 19
0.329 0.422 11.037 20
0.344 0.431 11.1 20
0.307 0.419 11.067 20
0.335 0.407 11.105 20
0.328 0.427 11.08 21
0.305 0.39 11.049 19
0.316 0.414 11.098 21
0.328 0.408 11.033 19
0.317 0.415 11.086 20
0.353 0.416 11.057 20
0.331 0.417 10.951 20
0.188 0.922 13.788 20
0.17 0.423 12.1 20
0.439 0.328 9.697 20
0.399 0.489 11.505 21
0.36 0.356 10.814 19
0.337 0.376 11.043 20
