0.352 0.371 10.823 19
0.29 0.372 10.933 20
0.355 0.402 11.199 20
0.302 0.389 11.053 21
0.319 0.408 11.001 20
0.373 0.407 11.195 19
0.36 0.39 11.102 20
0.312 0.378 11.042 20
0.312 0.397 11.092 21
0.346 0.372 11.104 19
0.34 0.385 11.088 21
0.331 0.404 11.096 19
0.316 0.413 11.097 20
0.337 0.425 11.094 20
0.328 0.397 11.078 20
0.316 0.398 11.09 20
0.348 0.411 11.078 20
0.317 0.392 11.085 20
0.311 0.379 11.111 20
0.347 0.416 11.126 21
0.329 0.405 11.112 19
0.322 0.386 11.086 20
0.337 0.382 11.086 20
0.292 0.374 11.108 20
0.32 0.393 11.114 20
0.33 0.408 11.111 20
0.324 0.402 11.1 21
0.335 0.423 11.059 20
0.352 0.366 11.059 19
0.312 0.367 11.096 21
0.335 0.395 11.061 19
0.319 0.422 11.064 20
0.358 0.386 11.11 21
0.335 0.384 11.088 19
0.287 0.398 11.049 21
0.305 0.415 11.102 19
0.323 0.42 11.106 21
0.318 0.359 11.078 20
0.33 0.423 11.09 19
0.344 0.399 11.096 20
0.337 0.382 11.076 20
0.33 0.36 11.057 20
0.34 0.368 11.084 21
0.322 0.396 11.073 19
0.326 0.405 11.064 20
0.325 0.405 11.103 20
0.332 0.392 11.073 20
0.329 0.383 11.053 20
0.311 0.389 11.13 20
0.349 0.382 11.045 20
0.335 0.405 11.098 20
0.343 0.399 11.068 20
0.349 0.391 11.076 21
0.305 0.416 11.067 19
0.356 0.391 11.09 21
0.33 0.376 11.084 19
0.347 0.384 11.07 20
0.334 0.397 11.103 20
0.302 0.405 11.069 20
0.337 0.382 11.093 20
0.316 0.389 11.102 21
0.353 0.39 11.094 19
0.403 0.443 11.371 20
0.475 0.512 11.679 20
0.249 0.358 10.827 21
0.377 0.438 11.117 19
0.33 0.405 10.952 20
0.33 0.359 10.983 20
0.33 0.385 11.109 20
0.326 0.376 11.098 20
0.324 0.391 11.009 20
0.332 0.419 11.144 20
0.317 0.389 11.121 20
0.335 0.399 11.085 20
0.332 0.387 11.105 21
0.329 0.385 11.062 19
0.338 0.368 11.06 20
0.312 0.401 11.104 21
0.331 0.397 11.156 19
0.343 0.405 11.082 21
0.347 0.422 11.106 20
0.346 0.41 11.121 19
0.325 0.378 11.045 21
0.319 0.422 11.063 19
0.313 0.416 11.084 20
0.359 0.415 11.093 20
0.312 0.426 11.129 20
0.322 0.434 11.108 20
0.368 0.405 11.099 20
0.344 0.421 11.115 21
0.343 0.438 11.098 19
0.352 0.402 11.032 20
0.338 0.391 11.053 20
0.335 0.39 11.066 20
0.305 0.385 11.096 21
0.332 0.409 11.017 19
0.328 0.392 11.114 20
0.338 0.404 11.105 20
0.329 0.382 11.079 20
0.368 0.384 11.106 20
0.32 0.389 11.076 20
0.323 0.41 11.07 20
0.347 0.37 11.108 20
0.342 0.385 11.11 20
0.319 0.404 11.116 21
0.341 0.389 11.05 19
0.32 0.396 11.068 20
0.347 0.396 11.082 20
0.329 0.391 11.073 20
0.316 0.403 11.084 20
0.308 0.39 11.105 20
0.331 0.408 11.105 20
0.319 0.38 11.062 20
0.343 0.411 11.094 20
0.343 0.416 11.085 20
0.336 0.41 11.042 20
0.342 0.383 11.073 20
0.318 0.409 11.044 21
0.294 0.38 11.072 19
0.352 0.399 11.079 20
0.326 0.421 11.063 20
0.334 0.383 11.08 20
0.358 0.392 11.07 21
0.332 0.403 11.114 20
0.322 0.408 11.098 19
0.308 0.395 11.086 20
0.356 0.399 11.047 20
0.312 0.399 11.121 20
0.341 0.426 11.066 20
0.332 0.405 11.094 20
0.322 0.402 11.076 20
0.344 0.395 11.092 20
0.34 0.404 11.073 20
0.334 0.411 11.059 20
0.347 0.403 11.086 21
0.306 0.404 11.099 19
0.334 0.402 11.062 20
0.362 0.392 11.094 20
0.314 0.38 11.061 20
0.342 0.389 11.076 20
0.355 0.404 11.104 20
0.354 0.396 11.075 20
0.324 0.401 11.054 20
0.335 0.389 11.12 20
0.342 0.39 11.088 20
0.337 0.417 11.055 20
0.332 0.407 11.017 20
0.313 0.383 11.126 21
0.348 0.403 11.094 19
0.326 0.421 11.051 20
0.319 0.397 11.082 20
0.347 0.408 11.132 20
0.324 0.396 11.12 20
0.344 0.409 11.066 20
0.317 0.41 11.081 20
0.337 0.379 11.073 20
0.347 0.395 11.133 20
0.323 0.384 11.055 21
0.328 0.419 11.075 19
0.344 0.387 11.03 20
0.365 0.392 11.099 20
0.311 0.41 11.099 20
0.326 0.428 11.087 20
0.328 0.404 11.084 20
0.347 0.403 11.05 21
0.322 0.372 11.135 19
0.318 0.396 11.073 21
0.353 0.391 11.07 20
0.342 0.393 11.086 19
0.342 0.382 11.096 20
0.322 0.37 11.043 21
0.34 0.414 11.086 19
0.318 0.371 11.104 20
0.341 0.39 11.082 20
0.335 0.415 11.076 20
0.318 0.408 11.093 20
0.319 0.387 11.068 20
0.347 0.384 11.061 21
0.32 0.415 11.105 19
0.331 0.404 11.054 20
0.338 0.386 11.026 20
0.344 0.395 11.105 21
0.29 0.382 11.053 19
0.322 0.382 11.037 20
0.338 0.417 11.121 21
0.323 0.386 11.09 19
0.308 0.385 11.115 20
0.325 0.393 11.08 20
0.34 0.373 11.043 20
0.355 0.408 11.054 21
0.348 0.393 11.081 19
0.343 0.426 11.055 20
0.307 0.393 11.007 20
0.3 0.384 11.087 20
0.336 0.377 11.088 21
0.335 0.403 11.087 19
0.304 0.391 11.048 20
0.331 0.409 11.057 20
0.332 0.359 11.038 20
0.346 0.386 11.076 20
0.33 0.416 11.066 20
0.337 0.384 11.075 20
0.348 0.37 11.082 20
0.335 0.404 11.091 20
0.31 0.42 11.082 20
0.319 0.385 10.762 20
0.263 0.816 12.928 20
0.207 0.382 11.879 20
0.372 0.364 10.37 20
0.3 0.449 11.278 20
0.294 0.359 10.887 20
0.344 0.385 11.003 20
0.328 0.422 11.193 20
