0.433 0.41 10.991 20
0.306 0.399 11.124 20
0.317 0.343 11.009 20
0.325 0.413 11.038 20
0.356 0.399 11.084 20
0.332 0.423 11.129 20
0.281 0.419 11.061 20
0.318 0.403 11.073 20
0.324 0.359 11.021 20
0.328 0.365 11.056 20
0.344 0.384 11.08 20
0.343 0.379 11.064 21
0.32 0.377 11.11 19
0.331 0.425 11.102 20
0.349 0.416 11.055 20
0.324 0.409 11.105 20
0.335 0.397 11.098 20
0.34 0.398 11.116 20
0.325 0.365 11.023 21
0.3 0.407 11.084 19
0.308 0.39 11.066 22
0.31 0.402 11.048 18
0.346 0.402 11.044 20
0.319 0.373 11.026 21
0.341 0.391 11.105 19
0.336 0.416 11.116 21
0.286 0.403 11.11 21
0.334 0.392 11.106 18
0.328 0.414 11.082 21
0.3 0.416 11.092 20
0.312 0.428 11.073 19
0.343 0.38 11.075 20
0.298 0.396 11.049 20
0.324 0.408 11.105 20
0.307 0.427 11.105 20
0.337 0.42 11.069 22
0.323 0.392 11.133 19
0.332 0.384 11.092 19
0.326 0.421 11.059 20
0.313 0.376 11.092 20
0.341 0.397 11.074 20
0.336 0.367 11.081 21
0.335 0.397 11.087 20
0.337 0.419 11.044 19
0.342 0.39 10.935 20
0.571 0.695 12.481 20
0.619 0.567 11.511 25
0.532 0.554 11.433 15
0.285 0.332 10.726 20
0.358 0.449 11.059 21
0.204 0.336 11.013 19
0.459 0.42 11.11 21
0.328 0.372 11.195 19
0.326 0.376 10.83 20
0.296 0.404 11.09 20
0.367 0.437 11.075 20
0.341 0.435 11.157 20
0.334 0.396 11.103 20
0.341 0.373 11.103 21
0.306 0.399 11.039 19
0.316 0.362 11.024 20
0.329 0.404 11.062 21
0.33 0.393 11.12 21
0.34 0.402 11.086 19
0.316 0.38 11.099 19
0.326 0.348 11.094 20
0.301 0.401 11.076 21
0.316 0.391 11.048 19
0.335 0.386 11.051 20
0.323 0.385 11.128 21
0.316 0.383 11.06 19
0.328 0.371 11.114 20
0.344 0.368 11.073 20
0.338 0.398 11.098 20
0.299 0.385 11.053 20
0.326 0.372 11.075 20
0.328 0.445 11.111 20
0.336 0.389 11.08 20
0.33 0.372 11.076 20
0.311 0.411 11.096 20
0.336 0.419 11.076 20
0.331 0.391 11.055 20
0.342 0.365 11.088 20
0.342 0.399 11.064 20
0.304 0.392 11.062 20
0.352 0.39 11.072 20
0.335 0.392 11.098 20
0.32 0.399 11.097 20
0.316 0.403 11.06 20
0.334 0.386 11.109 20
0.316 0.422 11.081 20
0.352 0.365 11.084 20
0.318 0.403 11.079 20
0.335 0.41 11.039 20
0.326 0.402 11.09 21
0.329 0.395 11.156 19
0.346 0.378 11.084 21
0.314 0.417 11.084 19
0.331 0.396 11.08 21
0.341 0.378 11.045 19
0.329 0.398 11.031 20
0.301 0.416 11.097 21
0.308 0.405 11.076 19
0.336 0.392 11.061 20
0.318 0.426 11.061 20
0.325 0.382 11.08 20
0.314 0.417 11.039 21
0.347 0.396 11.096 19
0.343 0.401 11.09 20
0.306 0.38 11.087 20
0.31 0.384 11.039 20
0.323 0.39 11.05 21
0.326 0.384 11.099 19
0.33 0.437 11.072 21
0.352 0.397 11.078 19
0.324 0.398 11.039 20
0.336 0.383 11.066 20
0.342 0.385 11.112 20
0.304 0.397 11.093 21
0.323 0.431 11.087 19
0.336 0.397 11.108 20
0.331 0.401 11.09 21
0.317 0.393 11.051 19
0.318 0.391 11.086 21
0.318 0.367 11.07 19
0.299 0.395 11.116 20
0.335 0.401 11.082 21
0.307 0.395 11.093 19
0.335 0.386 11.078 20
0.312 0.385 11.044 20
0.308 0.401 11.087 20
0.33 0.419 11.045 22
0.328 0.39 11.091 19
0.348 0.425 11.093 20
0.347 0.389 11.07 19
0.31 0.401 11.086 20
0.318 0.373 11.059 21
0.337 0.414 11.11 19
0.331 0.376 11.061 21
0.344 0.387 11.094 19
0.31 0.422 11.079 20
0.306 0.387 11.081 21
0.313 0.396 11.066 19
0.358 0.402 11.05 21
0.335 0.384 11.076 19
0.33 0.409 11.064 20
0.349 0.386 11.114 22
0.334 0.379 11.072 18
0.34 0.415 11.096 21
0.329 0.393 11.086 19
0.326 0.387 11.054 21
0.312 0.404 11.066 21
0.338 0.387 11.061 18
0.335 0.41 11.062 20
0.326 0.386 11.084 20
0.343 0.402 11.123 20
0.328 0.426 11.062 21
0.353 0.419 11.124 19
0.332 0.384 11.029 21
0.346 0.364 11.093 19
0.326 0.393 11.07 20
0.329 0.39 11.059 20
0.312 0.404 11.127 20
0.33 0.399 11.098 20
0.322 0.402 11.081 21
0.343 0.389 11.074 19
0.334 0.402 11.085 21
0.326 0.413 11.068 19
0.365 0.402 11.075 20
0.338 0.416 11.098 20
0.33 0.397 11.103 20
0.337 0.399 11.09 21
0.347 0.407 11.039 20
0.349 0.385 11.093 19
0.329 0.384 11.092 20
0.338 0.396 11.043 20
0.285 0.235 9.366 21
0.502 0.714 12.826 19
0.243 0.452 11.479 21
0.277 0.358 10.903 19
0.355 0.435 11.011 20
0.267 0.378 11.015 21
