0.401 0.41 10.881 21
0.282 0.364 10.948 19
0.365 0.397 11.053 20
0.319 0.405 11.153 20
0.299 0.435 10.993 20
0.348 0.398 11.141 21
0.323 0.429 11.075 19
0.326 0.445 11.02 20
0.36 0.435 11.11 20
0.33 0.411 11.051 21
0.306 0.374 11.082 19
0.326 0.405 11.049 20
0.3 0.432 11.084 21
0.332 0.445 11.123 19
0.356 0.405 11.094 20
0.347 0.431 11.07 20
0.346 0.393 11.07 20
0.313 0.408 11.064 20
0.317 0.433 11.099 21
0.337 0.429 11.086 19
0.331 0.409 11.135 20
0.342 0.407 11.09 20
0.572 0.45 12.026 21
0.807 0.741 11.983 19
0.167 0.232 10.602 20
0.422 0.482 11.323 20
0.234 0.341 10.771 20
0.362 0.5 11.317 20
0.298 0.387 10.993 20
0.302 0.387 11.019 20
0.318 0.413 11.036 20
0.324 0.391 11.1 20
0.332 0.414 11.099 21
0.338 0.405 11.041 19
0.338 0.39 11.109 20
0.307 0.407 11.084 20
0.367 0.419 11.13 20
0.352 0.417 11.056 20
0.331 0.401 11.121 20
0.337 0.392 11.106 20
0.328 0.415 11.068 20
0.352 0.431 11.102 20
0.323 0.413 11.055 20
0.319 0.399 11.069 20
0.313 0.431 11.086 20
0.306 0.398 11.064 20
0.318 0.417 11.069 20
0.325 0.401 11.092 20
0.323 0.429 11.079 20
0.348 0.405 11.079 30
0.338 0.404 11.076 20
0.348 0.447 11.136 21
0.348 0.422 11.063 19
0.332 0.395 11.027 20
0.302 0.402 11.093 20
0.353 0.408 11.082 21
0.335 0.398 11.019 19
0.302 0.439 11.13 20
0.355 0.391 11.068 20
0.338 0.452 11.1 20
0.314 0.421 11.091 21
0.326 0.386 11.078 19
0.316 0.384 11.104 20
0.329 0.413 11.091 20
0.322 0.426 11.079 20
0.34 0.41 11.068 20
0.324 0.402 11.056 20
0.326 0.423 11.05 20
0.323 0.407 11.099 20
0.328 0.398 11.056 30
0.35 0.426 11.093 20
0.318 0.415 11.008 21
0.326 0.402 11.064 19
0.329 0.382 11.072 20
0.335 0.414 11.075 20
0.33 0.395 11.088 20
0.335 0.402 11.085 20
0.32 0.398 11.063 20
0.32 0.383 11.082 20
0.312 0.409 11.115 20
0.305 0.41 11.057 20
0.31 0.397 11.082 21
0.302 0.414 11.047 19
0.32 0.427 11.105 20
0.338 0.413 11.088 20
0.353 0.425 11.023 20
0.323 0.407 11.09 21
0.293 0.425 11.078 19
0.312 0.439 11.1 20
0.328 0.417 11.068 20
0.348 0.393 11.082 20
0.326 0.397 11.021 20
0.325 0.425 11.054 20
0.328 0.401 11.084 20
0.323 0.421 11.041 21
0.298 0.449 11.054 19
0.344 0.402 11.055 20
0.317 0.38 11.059 20
0.348 0.399 11.059 20
0.35 0.411 11.086 20
0.331 0.414 11.07 20
0.343 0.409 11.079 21
0.308 0.422 11.075 20
0.332 0.426 11.115 19
0.312 0.413 11.069 20
0.319 0.384 11.023 20
0.318 0.361 11.063 21
0.317 0.431 11.088 19
0.324 0.431 11.087 20
0.317 0.423 11.06 20
0.317 0.445 11.096 20
0.35 0.426 11.053 20
0.314 0.417 11.103 20
0.322 0.409 11.059 20
0.342 0.423 11.082 21
0.341 0.432 11.082 20
0.328 0.428 11.091 19
0.301 0.429 11.056 20
0.306 0.444 11.112 20
0.329 0.422 11.091 20
0.341 0.414 11.048 20
0.341 0.414 11.082 21
0.312 0.429 11.067 19
0.3 0.416 11.056 20
0.343 0.411 11.099 20
0.336 0.447 11.092 20
0.343 0.433 11.062 20
0.349 0.391 11.074 20
0.307 0.38 11.078 20
0.335 0.416 11.056 20
0.3 0.419 11.048 20
0.364 0.427 11.045 21
0.305 0.419 11.098 19
0.316 0.407 11.106 20
0.328 0.42 11.087 20
0.34 0.432 11.049 20
0.355 0.408 11.053 21
0.341 0.407 11.073 19
0.311 0.423 11.036 20
0.325 0.38 11.069 20
0.318 0.432 11.093 20
0.35 0.438 11.068 20
0.289 0.455 11.07 20
0.353 0.421 11.037 20
0.347 0.377 11.079 20
0.338 0.407 11.047 20
0.349 0.42 11.096 20
0.336 0.411 11.079 20
0.359 0.449 11.073 20
0.343 0.407 11.033 20
0.317 0.405 11.056 20
0.329 0.427 11.032 21
0.347 0.426 11.079 19
0.328 0.415 11.105 20
0.334 0.416 11.069 20
0.319 0.389 11.093 20
0.322 0.389 11.068 20
0.313 0.453 11.111 21
0.331 0.405 11.045 19
0.328 0.41 11.08 20
0.33 0.399 11.053 20
0.33 0.398 11.05 20
0.289 0.432 11.078 21
0.296 0.429 11.05 19
0.354 0.395 11.05 21
0.355 0.427 11.082 19
0.33 0.417 11.106 20
0.33 0.42 11.08 20
0.32 0.413 11.093 20
0.344 0.444 11.099 20
0.338 0.407 11.087 20
0.314 0.405 10.993 20
0.323 0.413 11.076 20
0.336 0.416 11.048 20
0.358 0.417 11.035 21
0.328 0.409 11.116 19
0.341 0.431 11.039 20
0.301 0.401 11.056 20
0.331 0.419 11.07 20
0.105 0.985 13.853 21
0.113 0.38 12.183 19
0.482 0.38 9.972 20
0.343 0.444 11.384 20
0.328 0.32 11.001 20
0.326 0.421 11.116 20
