-0.657 0.623 11.302 19
-0.702 0.587 12.391 21
-0.9 0.58 11.79 19
-0.154 0.718 10.647 20
0.081 0.655 9.696 20
-0.371 0.358 10.115 20
-0.781 0.244 11.086 21
-0.336 0.608 11.479 19
-0.33 0.54 11.861 20
-0.067 0.635 11.059 21
0.223 0.686 10.981 19
-0.19 0.408 11.17 21
0.046 0.576 11.082 20
-0.138 0.731 10.359 20
-0.316 0.523 10.164 20
-0.232 0.598 11.266 19
-0.237 0.634 11.238 21
-0.032 0.7 12.119 20
-0.185 0.613 11.355 20
-0.595 0.299 11.585 20
-0.348 0.531 11.297 19
-0.276 0.48 11.129 21
-0.251 0.425 11.171 20
-0.269 0.487 11.284 20
-0.227 0.702 10.802 20
-0.417 0.404 10.551 19
-0.317 0.54 10.933 21
-0.281 0.544 11.093 19
-0.251 0.498 11.094 20
-0.492 0.51 10.896 21
-0.334 0.408 10.783 20
-0.238 0.471 10.839 20
-0.27 0.663 10.778 20
-0.348 0.532 10.775 20
-0.216 0.657 10.233 20
-0.841 0.707 9.924 20
-0.423 0.667 11.596 20
-0.101 1.08 12.244 20
-0.131 1.005 11.824 19
-0.186 1.033 11.093 21
-0.427 0.965 10.324 19
-1.592 1.027 10.473 20
-1.053 0.835 11.334 20
-0.383 0.993 11.687 21
-0.123 0.869 11.236 20
0.025 0.907 11.03 19
0.027 1.348 11.088 21
-0.366 1.104 11.229 19
-0.299 1.173 11.293 20
-0.649 1.07 11.415 21
-0.32 1.084 11.019 19
-0.385 0.967 10.639 20
-0.189 1.159 10.7 20
-0.112 1.035 10.702 21
-0.227 1.166 10.71 19
-0.396 1.425 10.645 20
-0.608 1.08 11.014 21
-0.064 1.415 11.583 19
0.231 1.286 11.433 21
-0.306 1.159 11.217 20
0.186 0.942 10.969 19
0.649 1.596 10.906 20
0.361 1.119 10.548 20
0.568 1.004 10.714 20
0.923 1.112 10.757 21
0.61 1.092 11.566 20
0.749 1.379 10.408 19
0.699 1.767 10.008 20
1.324 1.944 10.268 20
1.664 1.619 11.136 21
1.93 2.086 12.185 19
1.516 1.641 12.467 20
1.387 1.238 12.276 20
1.098 1.165 12.015 20
1.851 1.253 11.145 21
1.732 1.523 11.26 24
1.426 1.457 11.08 18
1.494 1.561 9.993 17
1.944 1.384 9.982 20
1.853 1.161 9.475 21
1.805 1.136 9.655 19
1.205 0.938 9.418 21
1.183 0.974 8.538 19
1.075 0.678 8.424 20
1.372 -0.203 6.97 21
1.493 -1.09 6.304 19
1.665 -2.029 6.121 20
1.678 -2.634 6.459 21
1.977 -3.887 4.864 29
1.183 -5.703 5.442 30
1.099 -5.354 5.041 21
0.443 -6.771 5.332 20
0.434 -7.036 6.333 29
0.999 -7.062 7.411 20
0.968 -8.619 10.759 20
1.33 -8.913 11.518 21
1.217 -8.846 12.292 20
0.828 -9.001 13.159 20
-0.264 -9.168 13.785 19
-0.732 -8.432 14.782 28
-0.661 -7.383 16.347 33
-0.112 -5.909 15.684 20
-0.098 -5.485 16.044 20
-0.24 -4.958 17.201 20
-0.265 -3.838 18.464 20
0.188 -2.991 18.84 20
-0.191 -2.202 18.372 19
-0.346 -1.607 18.751 20
-0.55 -0.79 19.252 21
-0.462 -0.999 19.619 20
-0.673 -2.181 19.619 19
-0.226 -2.939 18.937 21
-0.493 -4.582 18.706 20
-0.286 -5.789 18.434 19
0.158 -6.72 17.969 21
0.267 -8.253 17.639 23
0.687 -9.127 16.452 17
1.295 -9.606 14.774 19
1.276 -9.926 12.958 21
1.409 -10.048 11.049 20
2.367 -10.357 9.266 19
2.383 -9.75 7.726 20
1.7 -8.55 6.082 21
1.146 -7.955 5.118 20
1.835 -6.809 4.039 20
2.138 -6.031 3.262 20
1.799 -5.724 2.484 19
1.736 -6.624 1.33 21
1.671 -6.126 0.723 20
1.797 -5.544 0.712 20
2.427 -5.878 1.05 19
2.447 -6.935 0.65 20
2.076 -7.292 0.611 21
1.926 -7.527 1.531 20
1.59 -7.88 3.323 20
1.096 -8.575 5.082 20
0.78 -9.608 6.824 20
1.638 -9.578 8.647 20
1.652 -10.294 10.396 20
1.489 -10.607 12.463 20
1.156 -10.401 14.222 20
0.182 -9.976 15.79 19
0.566 -9.153 16.974 21
-0.306 -7.001 18.586 19
-1.316 -5.34 19.619 21
-0.956 -3.663 19.619 20
-0.198 -2.149 19.619 19
-0.199 -1.076 19.542 21
-0.338 -0.002 18.629 20
-0.441 0.583 18.342 20
-1.27 0.865 18.129 20
-0.817 0.819 17.633 19
-0.467 0.075 17.526 21
-0.627 -1.257 17.057 19
-0.644 -2.408 17.474 21
-0.655 -3.235 18.188 20
-0.67 -4.327 18.556 20
-0.819 -5.659 18.63 20
-0.154 -6.78 18.056 20
0.263 -7.979 17.495 20
0.576 -9.177 16.334 19
0.839 -10.33 15.225 21
1.426 -10.791 13.692 20
1.996 -10.545 11.94 19
2.117 -10.483 10.338 21
2.367 -10.042 8.847 20
2.374 -9.214 7.241 20
2.365 -8.734 5.955 19
2.414 -7.994 4.991 21
2.318 -8.176 3.981 20
2.121 -8.064 2.822 19
1.437 -7.789 1.689 20
1.244 -7.09 0.759 21
1.128 -6.987 0.198 19
1.432 -6.73 0.068 21
1.597 -6.395 0.223 20
1.239 -6.825 0.16 20
1.499 -7.824 0.759 19
1.22 -8.213 1.9 21
1.323 -8.125 3.556 20
0.962 -9.037 4.916 19
0.299 -9.972 6.569 20
-0.033 -10.699 8.686 21
-0.152 -11.33 11.112 20
0.271 -11.194 13.175 20
0.587 -11.481 15.189 20
0.585 -11.672 16.792 20
0.5 -11.67 18.108 19
0.669 -10.758 19.006 21
0.583 -9.897 18.848 20
0.228 -8.614 18.068 20
0.017 -7.403 17.956 19
0.074 -5.829 18.071 21
0.56 -4.313 18.151 19
0.301 -1.483 17.881 21
-0.213 -0.967 17.407 20
-0.376 -0.517 17.041 19
0.008 -0.942 16.678 20
-0.135 -1.731 16.217 21
-0.261 -2.656 15.849 20
-0.789 -4.157 16.043 19
-1.298 -5.448 16.631 21
-1.223 -6.823 17.298 20
-1.163 -8.996 17.762 19
-0.772 -10.618 17.622 21
-0.537 -12.365 17.197 19
0.174 -13.183 16.014 20
0.852 -14.424 14.668 26
1.169 -14.541 10.756 35
1.391 -13.528 8.796 19
1.252 -12.292 7.443 20
1.572 -10.659 6.351 21
1.896 -9.09 6.331 20
2.477 -6.913 6.294 20
2.998 -4.604 6.28 20
2.821 -5.235 6.079 19
2.406 -3.412 6.877 20
1.447 -3.495 7.374 21
1.417 -2.389 7.842 20
0.861 -0.223 6.641 20
1.16 0.311 5.736 19
1.554 0.974 6.005 21
1.933 1.405 6.507 19
1.933 1.969 7.877 21
1.349 2.39 8.995 20
1.416 2.943 9.534 19
1.505 2.567 9.825 20
1.681 2.603 10.087 21
1.538 2.547 10.073 20
1.603 2.713 9.602 20
1.741 2.755 9.25 19
1.559 2.308 9.502 20
1.262 2.104 10.723 20
1.463 2.257 11.481 23
1.639 2.433 10.787 18
1.452 2.399 9.975 20
1.314 1.959 9.716 20
1.384 1.944 10.114 20
1.186 2.102 10.605 20
1.198 2.056 10.685 19
1.204 2.295 10.716 21
1.16 2.263 10.753 20
1.343 2.299 10.503 19
1.313 2.145 10.654 21
1.419 2.033 10.733 20
1.419 2.098 10.875 20
1.153 1.923 9.002 20
1.142 1.957 11.704 20
1.207 1.817 12.436 20
1.256 1.781 11.618 19
1.02 1.725 11.048 20
1.159 1.688 10.417 20
