0.477 0.889 11.589 21
-0.397 0.56 11.333 19
-0.604 0.826 11.297 20
-0.427 0.587 10.826 20
-0.258 0.547 11.262 20
-0.358 0.631 10.633 20
0.211 0.595 10.922 20
0.253 0.579 10.999 21
0.231 0.456 11.148 20
0.383 0.498 11.245 19
0.342 0.653 11.135 21
-0.104 0.506 11.211 20
-0.239 0.547 10.95 20
-0.068 0.544 10.637 19
-0.233 0.53 11.188 20
-0.409 0.437 11.632 21
0.055 0.603 11.064 20
0.172 0.114 11.003 21
-0.329 0.578 11.069 18
-0.231 0.561 10.941 20
-0.221 0.504 10.874 20
-0.19 0.577 10.969 20
-0.104 0.627 10.903 20
-0.336 0.54 10.983 20
-0.416 0.536 10.86 21
-0.49 0.295 11.151 20
-0.511 0.402 8.477 19
-0.482 0.644 11.387 21
0.076 0.747 11.649 19
0.468 0.711 12.589 20
0.409 0.53 12.248 21
0.35 0.786 11.018 19
-0.419 0.659 9.46 20
-1.553 0.925 10.668 20
-1.471 0.589 11.068 20
-0.49 0.95 10.799 21
0.183 0.878 10.934 19
0.386 0.668 11.324 20
-0.062 0.536 10.802 20
-0.592 0.241 10.742 20
0.082 0.736 11.276 21
0.222 0.864 11.705 19
0.534 0.895 11.011 21
0.55 0.929 11.518 19
0.814 0.977 11.177 20
0.718 0.862 10.763 21
1.138 0.851 11.316 19
0.841 0.768 11.27 22
0.95 0.993 11.401 18
1.021 0.965 10.813 20
0.859 0.808 11.003 20
1.015 0.928 10.779 21
0.692 1.058 11.212 21
0.283 0.977 11.049 18
0.494 1.092 11.042 21
0.237 1.177 11.008 20
0.464 1.198 10.972 19
0.585 1.234 10.873 21
0.682 1.195 10.784 21
0.367 1.196 10.855 18
0.505 1.278 10.461 21
0.627 1.13 10.346 20
1.16 1.179 10.381 28
0.892 1.214 9.978 31
0.913 1.214 10.038 21
0.738 0.905 9.915 19
0.623 0.708 10.017 21
0.471 0.662 9.988 19
1.053 0.986 10.079 20
1.087 0.725 9.645 21
0.974 0.276 9.102 20
0.981 0.382 8.903 20
0.419 -0.353 8.266 19
1.162 -0.892 7.303 21
1.615 -1.724 6.806 20
1.979 -2.721 7.04 20
2.325 -3.456 7.323 20
2.229 -5.936 6.516 19
2.095 -6.227 6.947 20
1.883 -7.209 8.188 21
1.815 -7.808 7.896 20
1.604 -8.006 8.072 20
1.053 -9.007 9.054 20
0.786 -9.36 10.705 20
0.49 -9.457 9.976 20
0.425 -10.37 9.93 20
0.566 -10.556 10.39 20
0.528 -10.967 10.77 19
-0.517 -10.724 12.079 21
-1.213 -10.123 13.592 20
-1.871 -9.065 15.371 20
-2.057 -7.555 15.617 20
-1.587 -6.536 16.884 20
-1.357 -5.585 17.973 20
-1.616 -4.24 18.268 20
-1.826 -2.82 18.832 20
-1.846 -1.755 18.744 20
-1.98 -1.665 18.8 20
-2.183 -2.41 18.482 20
-2.053 -3.039 17.838 20
-2.308 -4.198 17.622 20
-2.438 -5.913 17.762 20
-2.656 -7.688 18.538 19
-1.765 -8.933 18.375 21
-0.99 -10.665 18.242 20
-0.411 -12.297 17.42 20
0.652 -13.143 15.867 20
1.283 -13.751 14.679 20
1.898 -14.752 12.183 19
2.902 -14.269 10.199 21
2.966 -13.766 8.848 20
2.875 -13.233 6.373 20
2.641 -13.161 4.111 20
2.554 -11.399 1.729 20
2.27 -10.977 -0.033 20
2.59 -10.324 -1.895 19
3.294 -9.881 -3.082 21
3.072 -9.674 -3.56 20
3.555 -9.801 -3.266 20
3.511 -9.786 -3.19 20
3.397 -9.772 -2.369 19
2.742 -10.4 -1.565 21
2.197 -11.405 0.501 19
1.91 -11.911 3.232 20
1.385 -12.748 5.282 21
1.177 -13.682 6.956 21
0.298 -14.431 8.897 19
-0.489 -14.904 11.524 20
-0.904 -15.194 14.801 20
-1.114 -15.149 16.762 20
-1.852 -14.558 18.818 20
-2.221 -12.922 19.619 20
-2.167 -10.453 19.619 19
-2.047 -7.994 19.619 20
-2.41 -5.458 19.619 21
-2.974 -2.816 19.619 19
-3.526 -0.301 19.619 20
-4.108 1.641 19.619 20
-3.767 1.237 19.075 20
-3.655 -0.195 18.452 21
-3.083 -1.809 17.737 19
-2.815 -3.829 16.683 21
-2.55 -5.394 15.607 19
-2.465 -6.827 15.96 21
-2.481 -8.635 16.728 20
-1.916 -10.37 17.365 19
-0.81 -12.096 17.751 20
-0.04 -13.446 16.933 20
0.632 -14.72 15.567 20
1.563 -15.392 13.475 21
2.335 -15.633 11.353 19
2.729 -14.976 8.859 21
3.09 -14.359 6.212 19
3.223 -13.074 3.472 21
3.694 -12.498 1.728 20
3.344 -11.663 0.465 20
3.22 -10.571 -1.272 20
3.866 -9.935 -2.797 20
3.635 -9.893 -3.616 20
3.436 -9.692 -3.986 20
3.452 -9.637 -3.661 19
3.378 -9.945 -2.486 21
3.085 -10.55 -0.778 19
2.739 -11.187 1.716 20
2.386 -11.801 3.348 20
1.774 -12.535 4.89 20
0.971 -13.518 6.407 20
0.076 -14.274 7.91 20
-0.462 -14.822 10.265 20
-0.761 -15.435 13.085 20
-1.276 -15.549 15.825 20
-1.869 -14.865 17.234 21
-2.417 -14.119 18.479 19
-2.11 -12.687 18.882 21
-2.592 -11.141 19.103 19
-3.126 -8.835 19.537 21
-3.258 -6.015 19.619 20
-3.475 -3.295 19.619 20
-3.745 -1.957 19.151 19
-4.448 -0.747 17.994 21
-3.981 0.135 17.884 20
-3.254 0.05 18.418 20
-2.777 -0.797 17.659 20
-2.834 -2.428 16.732 20
-2.822 -4.191 15.48 20
-2.882 -6.221 14.784 19
-3.182 -9.753 15.619 21
-3.427 -11.845 16.735 19
-2.609 -14.018 17.957 21
-1.448 -16.804 18.599 20
-0.265 -18.171 18.397 20
-0.071 -18.93 15.433 20
0.95 -18.406 10.672 20
2.496 -17.07 5.586 20
3.291 -15.892 1.049 20
3.483 -13.849 -0.743 20
2.982 -11.784 -0.312 20
2.136 -9.927 1.003 20
2.086 -8.066 3.084 23
1.694 -6.021 4.978 17
1.901 -4.404 6.133 28
1.723 -2.805 6.925 31
1.656 -1.429 7.158 21
1.414 -0.765 7.779 19
1.053 -0.057 8.999 20
0.764 0.817 9.344 20
0.21 1.185 10.238 20
0.211 1.244 10.993 20
0.286 1.428 11.197 20
0.505 1.38 11.187 21
0.318 1.569 11.373 20
0.264 1.571 11.025 19
0.019 1.341 11.092 20
0.049 1.639 10.977 20
-0.125 1.401 11.421 20
-0.164 1.308 11.187 20
-0.079 1.397 10.697 20
-0.061 1.729 10.111 20
-0.007 1.384 10.147 21
-0.227 1.482 10.255 19
-0.38 1.548 10.285 21
-0.302 1.227 10.39 19
-0.105 1.22 10.593 20
0.353 1.15 10.486 20
0.678 1.055 10.516 20
0.58 1.149 10.824 20
0.366 1.008 10.923 20
-0.29 1.505 12.499 20
0.508 0.95 11.996 20
0.756 1.051 11.699 20
-0.029 0.638 11.045 21
0.21 1.082 10.759 20
