-0.463 1.001 10.764 20
-0.482 0.866 11.092 21
-0.323 0.911 11.024 19
-0.335 0.851 10.865 20
-0.404 0.81 11.218 20
-0.239 0.761 11.138 20
-0.089 0.87 10.928 20
-0.328 0.822 11.056 20
-0.377 0.815 11.297 20
-0.193 0.823 11.048 20
-0.021 0.76 11.049 20
-0.421 0.834 10.917 20
-0.358 0.754 10.817 21
-0.343 0.878 10.912 19
-0.347 0.895 10.952 21
-0.302 0.869 10.939 19
-0.465 0.844 11.227 20
-0.53 0.831 11.042 20
-0.126 0.978 10.831 21
-0.576 0.732 11.272 20
-0.487 0.877 11.017 20
-0.623 0.766 11.161 19
-0.635 0.923 11.015 21
-0.462 0.844 11.079 19
-0.496 0.808 11.011 21
-0.487 0.792 11.225 21
-0.528 0.778 11.098 18
-0.447 0.839 10.947 21
-0.287 0.789 10.918 20
-0.471 0.898 11.19 20
-0.517 0.724 11.257 19
-0.471 0.827 11.073 21
-0.469 0.726 11.152 19
-0.541 0.803 11.06 21
-0.535 0.829 10.923 20
-0.68 1.147 10.546 19
-0.492 0.71 11.044 21
-0.409 0.893 11.896 20
-0.022 0.783 12.106 19
-0.482 0.769 10.896 21
-0.823 1.063 11.002 19
-1.014 0.892 10.591 20
-0.764 0.662 10.793 21
-0.452 0.871 11.12 19
-0.24 0.775 10.837 23
-0.54 0.827 10.715 17
-0.69 0.906 10.802 20
-0.874 0.754 11.433 21
-0.213 0.781 11.286 19
0.023 0.838 11.472 20
0.161 0.65 11.047 20
-0.091 0.608 11.358 21
0.414 0.766 11.121 19
0.407 0.78 11.138 20
0.361 0.82 11.181 20
0.062 0.689 10.563 20
-0.122 0.724 10.89 20
-0.045 0.607 10.821 20
-0.316 0.313 11.088 20
0.061 0.597 11.032 21
0.47 0.656 11.475 19
0.371 0.676 10.832 20
0.142 0.754 10.9 21
-0.025 0.616 10.656 19
0.026 0.67 10.985 21
-0.1 0.664 11.263 19
-0.028 0.695 11.383 20
0.215 0.716 10.995 21
0.244 0.684 11.011 20
0.325 0.801 10.643 20
0.24 0.9 10.506 19
0.211 0.833 10.7 21
0.377 0.99 11.043 20
0.548 1.113 11.057 19
0.999 1.46 11.291 21
0.977 1.374 11.302 19
1.203 1.165 10.832 21
1.326 1.409 10.514 20
0.983 0.775 10.909 20
1.3 1.026 10.147 20
1.786 1.025 9.19 19
2.372 0.301 7.853 21
2.621 -0.005 7.525 20
2.238 -1.113 7.289 20
2.721 -2.445 6.212 20
3.199 -3.65 5.91 20
3.367 -4.808 5.255 19
4.309 -5.877 5.164 21
2.846 -6.819 5.671 19
1.448 -7.581 5.714 21
1.113 -9.29 5.629 19
0.7 -9.811 7.158 21
1.531 -9.777 8.264 20
1.241 -10.956 8.522 20
1.168 -11.449 8.834 20
0.069 -11.618 9.447 20
-0.732 -11.884 9.8 19
-1.395 -12.381 10.237 21
-1.481 -12.624 11.462 19
-1.306 -12.682 12.572 21
-1.101 -12.311 13.725 19
-1.341 -11.472 14.324 20
-1.991 -11.224 15.129 21
-1.478 -9.544 16.644 19
-0.845 -7.838 16.671 20
-0.534 -6.398 15.966 20
-0.813 -4.997 16.507 20
-1.718 -3.349 17.323 21
-2.823 -2.729 17.686 20
-2.846 -2.209 18.05 19
-2.09 -2.066 18.602 20
-1.793 -2.645 18.529 20
-2.488 -4.182 18.254 21
-3.417 -6.286 18.626 19
-4.267 -7.268 18.901 20
-4.737 -9.394 19.076 20
-2.927 -11.245 18.387 20
-1.961 -12.628 17.294 21
-1.463 -14.218 16.84 19
-0.275 -16.088 15.708 20
0.828 -16.722 14.61 20
0.793 -16.799 12.464 20
1.548 -16.431 10.305 21
2.991 -15.257 8.095 19
2.277 -12.873 3.355 21
2.016 -12.219 1.391 19
2.515 -11.407 0.239 20
3.496 -10.2 -0.162 21
3.768 -9.88 -1.181 19
4.078 -9.661 -2.735 20
4.403 -9.175 -3.04 20
3.981 -9.557 -3.409 20
3.695 -9.653 -2.869 21
3.417 -10.154 -1.536 19
3.153 -11.369 0.674 20
3.209 -12.152 2.509 20
3.081 -12.857 4.46 24
2.204 -13.886 5.997 17
1.317 -14.917 7.676 20
0.875 -15.376 9.966 20
0.373 -16.026 12.096 19
-0.107 -16.257 14.473 21
-1.078 -16.113 16.901 19
-2.365 -15.828 18.792 20
-2.55 -13.46 19.619 21
-1.767 -11.472 19.619 19
-1.301 -9.189 19.619 20
-3.281 -5.788 19.619 21
-4.655 -3.15 19.619 20
-4.105 -0.415 19.619 19
-3.646 0.868 19.619 20
-3.398 1.654 19.619 20
-3.312 0.811 18.903 21
-3.199 -0.743 17.739 19
-2.662 -2.098 16.571 20
-3.075 -4.039 15.043 20
-3.332 -5.916 14.554 20
-3.367 -7.769 15.784 21
-3.058 -9.514 17.433 19
-2.708 -11.611 18.385 20
-1.562 -12.74 18.015 20
-0.421 -14.079 17.124 20
0.932 -15.314 15.052 21
1.705 -15.652 13.449 19
2.324 -15.24 11.421 21
2.895 -14.924 9.158 19
3.421 -14.425 7.205 20
3.955 -13.068 5.789 21
3.758 -11.864 4.187 20
3.725 -11.201 1.797 20
3.921 -10.908 0.56 19
4.318 -9.895 -0.711 20
4.087 -10.217 -1.876 21
4.464 -9.647 -2.907 19
2.447 -9.534 -4.253 20
1.83 -9.89 -3.096 21
2.139 -10.097 -2.16 19
2.284 -11.19 0.257 21
2.065 -12.097 3.064 19
1.585 -13.13 5.583 20
1.433 -13.755 7.649 20
0.44 -14.582 10.027 20
-0.553 -15.567 12.134 20
-0.638 -16.12 14.089 20
0.323 -16.331 15.232 20
-0.245 -16.163 16.136 21
-1.513 -15.694 16.781 19
-2.821 -14.071 17.977 20
-3.876 -12.254 18.687 20
-3.211 -10.166 19.619 22
-2.447 -7.685 19.619 18
-2.575 -5.446 19.619 21
-3.202 -2.709 19.619 20
-3.093 -1.369 19.619 19
-3.176 -0.735 19.619 21
-3.387 -1.013 19.619 19
-3.473 -2.026 19.362 21
-3.394 -3.503 17.845 20
-3.381 -5.254 15.774 19
-3.82 -7.261 13.996 20
-4.034 -8.928 14.001 20
-3.923 -11.044 15.124 20
-3.041 -13.392 15.637 20
-2.417 -15.828 16.125 20
-2.205 -17.227 16.368 21
-1.377 -17.963 16.07 19
-0.222 -18.656 14.352 20
0.601 -18.239 11.43 21
1.999 -17.824 7.817 22
1.997 -16.046 4.912 26
1.858 -13.935 3.466 21
2.675 -10.948 1.465 31
3.142 -8.465 0.5 19
2.957 -7.317 0.839 21
3.385 -5.749 1.712 19
3.523 -4.237 4.191 20
3.005 -2.296 7.205 21
2.045 -0.937 8.557 20
1.772 0.414 8.903 20
1.519 1.362 8.933 20
1.051 1.433 9.368 20
0.264 1.636 9.517 20
0.671 2.242 8.948 20
0.769 2.366 9.362 20
0.415 2.157 9.836 19
-0.627 2.053 10.19 21
-0.116 1.775 10.617 20
0.452 1.816 10.338 20
0.378 1.619 10.412 20
0.316 1.658 10.448 19
0.401 1.854 10.497 21
0.023 1.678 10.659 19
-0.172 1.531 10.855 21
-0.288 1.452 10.687 20
-0.013 1.472 10.71 20
0.301 1.413 11.062 20
0.483 1.596 11.108 20
0.027 1.684 10.657 20
-0.142 1.791 10.49 20
-0.275 1.149 12.136 19
-0.302 1.014 12.159 21
-0.318 1.038 11.62 20
-0.14 1.314 11.411 19
