-0.287 0.74 11.151 20
-0.253 0.718 11.011 21
-0.366 0.769 11.624 19
-0.083 0.673 11.367 21
-0.13 0.526 11.048 20
0.021 0.519 11.217 20
0.305 0.506 11.106 20
0.439 0.457 10.659 20
0.068 0.408 11.255 20
0.138 0.519 11.129 20
-0.056 0.586 11.152 19
0.1 0.651 10.893 21
0.27 0.632 11.285 19
0.178 0.589 11.369 20
-0.08 0.532 11.079 20
-0.144 0.55 11.019 21
-0.074 0.595 10.665 19
-0.085 0.564 10.844 20
-0.021 0.52 11.11 20
0.075 0.576 10.971 20
0.275 0.531 11.108 21
0.299 0.658 11.103 20
0.205 0.559 11.124 19
0.041 0.532 10.929 21
-0.086 0.516 10.957 19
-0.045 0.59 10.88 20
0.026 0.535 11.014 21
0.213 0.452 11.062 19
0.055 0.532 9.614 20
-0.34 0.784 11.305 20
-0.34 0.425 11.476 20
-0.228 0.58 12.009 20
-0.104 0.549 11.421 20
-0.305 0.629 11.502 21
-0.744 0.428 10.764 19
-0.866 0.754 10.439 20
-0.356 0.452 11.699 20
-0.159 0.404 11.165 20
0.002 0.52 11.53 21
0.158 0.484 10.865 19
0.268 0.591 10.607 20
0.124 0.596 10.691 20
-0.099 0.398 11.026 20
-0.053 0.463 11.059 21
0.081 0.538 11.379 20
0.17 0.571 11.342 20
0.219 0.41 10.975 20
0.189 0.481 10.833 20
-0.033 0.459 11.069 20
-0.135 0.376 10.867 19
-0.003 0.45 11.102 20
0.034 0.51 11.445 21
0.331 0.598 10.999 20
0.25 0.556 11.184 20
0.457 0.659 11.382 20
0.202 0.593 10.618 19
0.172 0.699 10.932 20
0.208 0.717 10.944 21
0.356 0.652 11.038 20
0.479 0.599 10.739 20
-0.061 0.532 11.053 19
-0.074 0.643 11.167 21
0.261 0.678 11.021 20
0.469 0.68 10.911 20
0.67 0.985 11.862 20
1.025 0.814 11.164 20
1.033 0.713 11.124 19
0.713 0.772 11.914 21
1.159 0.827 11.305 20
0.889 0.558 10.702 20
0.724 1.331 11.042 20
1.367 1.47 11.214 20
1.351 1.201 11.454 20
1.894 1.774 10.94 20
1.488 1.023 11.248 20
1.13 0.935 10.908 19
1.032 0.949 10.108 20
1.439 1.12 9.279 20
1.064 0.735 9.756 21
1.178 -0.045 8.891 19
1.331 -0.477 7.47 20
1.464 -1.137 6.541 21
1.761 -1.868 7.297 19
3.123 -2.719 6.309 20
1.407 -4.562 6.444 20
1.621 -4.972 6.498 20
1.603 -5.473 6.415 20
1.597 -6.695 6.668 20
1.476 -8.217 8.222 20
0.752 -8.072 8.339 20
0.099 -8.596 9.018 20
0.965 -9.247 8.875 21
1.488 -9.389 9.633 19
0.622 -10.419 10.642 21
-0.301 -10.539 11.341 20
-0.068 -10.768 11.539 19
0.258 -10.66 12.487 20
-0.17 -9.656 12.827 20
-1.077 -9.171 12.981 20
-1.791 -8.728 13.542 28
-1.489 -7.35 15.209 33
-1.523 -6.6 14.914 19
-1.387 -5.908 14.923 21
-1.585 -4.762 15.314 19
-2.263 -4.009 15.802 20
-2.36 -3.363 16.246 20
-2.288 -2.869 16.023 21
-2.668 -2.754 16.026 20
-2.499 -3.248 15.714 19
-2.677 -3.902 15.637 21
-4.296 -6.204 17.001 31
-3.832 -7.381 17.748 28
-3.488 -8.659 18.446 21
-2.812 -10.043 18.593 19
-1.742 -10.981 17.64 21
-0.98 -12.139 16.462 20
0.04 -12.777 14.914 20
0.754 -12.842 14.012 19
1.29 -12.975 12.912 21
1.614 -12.432 11.147 19
2.161 -12.516 9.162 20
2.573 -12.13 6.691 20
2.265 -11.044 4.679 20
2.84 -10.433 3.353 21
3.271 -10.515 2.204 19
3.434 -9.422 1.099 20
3.521 -8.595 0.023 20
3.924 -8.351 -1.031 20
3.464 -8.891 -1.563 20
3.357 -8.459 -1.698 21
2.756 -8.756 -1.437 19
2.082 -9.831 -0.019 21
2.029 -10.59 2.69 20
2.321 -10.92 4.43 19
1.9 -11.49 6.029 21
0.712 -12.254 7.732 20
0.213 -12.594 10.845 20
-0.176 -13.191 13.643 20
-0.707 -13.682 16.79 19
-1.796 -13.824 18.517 21
-1.936 -12.721 19.436 20
-1.686 -10.674 19.619 20
-2.374 -8.624 19.619 20
-3.082 -6.291 19.619 20
-3.132 -4.097 19.619 20
-2.512 -2.488 19.619 20
-1.933 -0.603 19.619 20
-1.575 0.934 19.619 20
-1.862 1.399 19.619 20
-3.002 0.742 19.164 20
-2.864 -0.576 18.656 19
-2.41 -2.458 18.408 21
-2.895 -4.466 18.21 20
-3.366 -6.343 18.29 20
-3.724 -7.527 19.095 20
-3.697 -9.413 19.616 20
-2.35 -11.19 19.619 20
-0.741 -12.654 19.336 20
0.631 -14.695 18.063 20
1.331 -15.896 15.954 20
2.405 -16.357 13.512 19
3.108 -16.111 10.688 21
3.331 -14.886 8.253 20
3.752 -13.044 6.237 20
4.18 -11.799 3.883 19
4.158 -10.939 2.093 21
3.472 -10.432 0.488 20
3.6 -10.247 -0.179 19
3.96 -9.286 -0.704 21
4.115 -8.669 -1.032 20
3.69 -8.678 -2.387 20
2.527 -8.412 -2.963 20
2.434 -8.649 -2.639 19
2.847 -8.905 -1.226 20
2.677 -9.522 0.617 20
2.666 -9.748 2.25 21
2.293 -10.795 4.079 20
1.489 -11.646 6.376 19
0.841 -12.608 9.507 21
0.526 -12.777 11.535 20
0.038 -13.238 13.147 20
-0.862 -13.625 16.99 20
-0.597 -13.436 17.963 20
-0.555 -12.953 18.608 19
-0.29 -11.984 19.619 21
-1.031 -10.435 19.619 20
-2.002 -8.255 19.619 20
-2.917 -6.109 19.582 20
-2.63 -3.969 19.323 20
-2.156 -2.375 19.455 20
-2.919 -0.978 19.619 19
-3.357 0.701 19.619 20
-3.475 1.113 19.619 20
-2.524 0.61 18.635 20
-2.074 -0.605 17.304 20
-2.083 -2.741 15.938 20
-2.957 -4.687 14.968 20
-3.503 -6.635 14.674 20
-3.778 -8.56 14.633 21
-3.16 -10.639 16.168 20
-1.694 -13.213 17.702 19
-0.116 -15.678 17.587 20
1.166 -17.214 15.607 21
2.04 -17.494 13.397 19
2.232 -17.325 12.033 20
3.008 -16.856 9.582 20
4.284 -15.091 6.805 20
4.095 -13.249 2.884 20
3.278 -11.498 0.802 20
2.874 -9.765 0.566 21
2.486 -8.21 2.218 19
2.281 -6.143 4.575 21
2.197 -5.054 6.325 20
2.245 -1.487 7.793 30
1.682 -0.601 7.987 19
1.751 -0.237 8.0 20
1.64 0.597 7.643 21
0.663 0.451 8.523 20
0.537 1.26 9.048 20
0.398 1.427 9.523 19
0.662 1.654 10.178 21
0.443 1.362 10.794 20
0.528 1.257 10.985 20
0.102 1.096 11.347 20
0.367 1.264 11.438 20
0.407 1.122 11.535 20
0.505 1.099 11.279 20
0.021 1.155 11.233 19
0.235 1.099 10.861 22
0.639 1.136 11.126 19
0.784 1.239 11.057 20
0.596 1.237 10.951 20
0.568 1.228 10.912 20
0.522 1.329 10.647 20
0.449 1.336 10.697 20
0.463 1.425 10.43 20
0.502 1.235 10.693 20
0.429 1.117 10.758 20
0.373 1.003 10.585 20
-0.033 1.044 11.344 19
0.821 0.769 11.23 21
0.578 0.894 11.297 20
-0.032 0.834 10.914 19
0.283 1.159 11.047 21
0.077 1.152 11.37 19
