0.926 1.089 11.076 19
1.025 1.13 10.945 21
0.98 1.08 10.809 19
0.701 1.077 9.996 20
1.014 1.257 11.273 21
1.219 1.101 11.082 19
1.193 1.088 10.942 20
0.999 1.132 10.921 21
1.037 1.138 10.842 19
0.969 1.131 11.033 20
1.019 1.035 10.83 20
1.035 1.087 10.69 20
1.052 1.142 10.644 20
0.996 1.142 10.406 21
0.953 1.211 10.498 20
0.911 1.134 10.205 19
0.929 1.08 9.976 20
1.12 1.051 10.105 21
1.253 0.929 9.962 20
1.195 0.88 9.782 20
1.031 0.742 9.123 19
1.128 0.632 8.438 21
1.502 0.738 7.95 19
1.646 0.673 7.229 21
1.72 0.462 6.987 20
2.092 0.229 8.143 20
1.965 -0.641 7.68 20
1.777 -1.859 7.45 19
1.731 -2.839 7.226 21
2.001 -3.208 6.858 19
2.365 -3.192 6.691 21
2.961 -3.091 6.671 20
4.307 -3.102 8.641 19
4.443 -4.193 9.004 25
3.64 -6.373 7.511 16
3.396 -7.558 7.054 20
3.715 -7.472 7.137 19
4.381 -7.135 7.322 21
5.005 -7.674 7.726 19
5.641 -8.964 8.013 20
5.527 -10.551 7.673 20
5.684 -12.218 7.723 21
6.221 -12.747 7.716 19
6.392 -13.675 8.292 21
6.625 -13.946 8.734 20
6.747 -13.974 8.552 19
6.667 -13.876 8.371 20
6.345 -13.683 7.899 20
6.195 -13.159 7.388 23
5.882 -12.467 6.992 18
5.291 -11.526 6.313 20
4.839 -10.771 6.017 20
4.871 -10.291 5.416 19
5.004 -9.588 5.617 21
5.009 -9.15 5.698 20
4.846 -8.919 5.657 20
4.663 -8.671 5.581 19
4.416 -8.21 5.892 20
4.399 -7.864 5.854 21
4.336 -7.577 5.74 19
4.284 -7.333 5.688 20
4.499 -7.091 5.791 21
4.633 -6.914 5.933 20
4.675 -6.956 5.915 20
4.839 -6.993 5.986 20
5.045 -7.149 6.0 19
5.001 -7.486 6.106 21
5.023 -7.943 6.012 19
5.067 -8.467 6.047 21
5.481 -9.069 5.897 19
5.494 -9.538 5.811 20
5.585 -9.805 6.114 21
5.703 -10.469 6.089 20
5.621 -11.193 6.065 20
5.71 -11.576 6.524 20
5.944 -12.085 6.969 19
5.973 -12.593 7.326 20
6.274 -13.11 7.868 21
6.719 -13.665 8.231 20
6.974 -14.186 8.28 20
7.076 -14.263 8.843 19
6.91 -14.233 8.787 21
6.738 -13.706 8.725 19
6.507 -12.875 8.887 21
6.245 -11.77 9.539 20
6.11 -11.215 9.102 20
5.484 -10.055 8.65 19
5.081 -8.881 7.523 20
4.528 -7.41 6.516 21
3.881 -5.878 5.837 19
3.112 -4.38 5.528 21
3.217 -3.215 5.378 20
3.265 -2.502 5.373 19
2.747 -2.104 4.76 21
2.406 -1.712 4.138 20
2.312 -1.149 4.36 20
2.347 -0.528 4.192 19
2.082 -0.17 4.126 20
2.042 0.071 4.536 21
1.846 0.082 4.764 19
1.638 0.021 5.198 20
1.896 -0.144 6.77 21
2.011 -0.617 6.75 19
1.762 -0.556 7.119 20
1.76 -0.354 7.309 20
2.016 -0.348 6.531 20
2.167 -0.488 5.519 20
2.753 -0.633 5.822 21
3.733 -0.899 8.049 20
3.603 -2.371 8.287 20
2.283 -4.275 7.204 20
1.823 -5.674 6.162 20
2.804 -5.871 5.993 20
4.106 -5.301 7.035 20
5.527 -5.461 8.06 20
4.742 -6.988 6.849 20
4.544 -8.743 6.631 19
4.926 -10.193 6.495 20
5.507 -10.817 7.185 21
6.176 -11.042 8.113 19
6.195 -11.967 7.943 21
6.452 -12.925 8.329 19
6.756 -13.915 8.377 21
6.891 -14.525 8.055 20
6.925 -14.413 8.352 20
6.788 -13.754 8.466 19
6.971 -12.986 8.715 20
7.049 -12.114 8.497 21
6.708 -11.87 7.346 20
5.921 -11.339 6.124 20
5.192 -10.569 5.494 19
5.045 -9.077 5.423 21
4.937 -8.793 5.216 19
4.681 -8.735 4.973 21
4.534 -8.54 5.049 20
4.518 -8.314 5.13 19
4.405 -8.017 5.174 20
4.357 -7.757 5.242 21
4.094 -7.644 5.354 20
4.106 -7.68 5.191 19
4.065 -7.549 5.246 20
4.169 -7.46 5.101 20
4.308 -7.413 5.247 21
4.579 -7.422 5.298 20
4.837 -7.729 5.118 19
4.83 -8.093 4.908 21
4.539 -8.143 4.916 19
4.665 -8.254 5.216 21
4.833 -8.607 5.533 20
5.138 -9.026 5.904 20
5.36 -9.915 5.639 19
5.61 -10.517 5.5 21
5.37 -10.532 5.749 19
5.308 -10.636 6.0 21
5.288 -10.963 5.855 20
5.194 -11.299 6.024 20
5.4 -11.784 6.211 20
5.566 -12.108 6.252 19
5.766 -12.042 6.819 21
6.009 -12.118 7.018 19
6.091 -12.072 7.22 21
6.136 -11.996 7.677 20
6.385 -11.861 8.238 19
6.273 -11.764 8.624 21
6.005 -11.669 8.625 20
5.8 -11.156 8.673 20
5.601 -10.323 8.838 19
5.36 -9.49 9.099 20
5.063 -8.674 8.857 21
4.81 -7.849 8.092 19
4.585 -6.607 8.041 21
4.212 -5.726 7.303 20
3.628 -4.808 7.061 19
2.984 -3.835 6.479 21
2.878 -2.171 6.478 28
1.625 -1.344 5.793 45
1.66 -0.81 5.86 27
2.03 -0.247 5.888 19
2.248 0.433 6.603 21
2.078 0.62 6.698 19
2.077 0.384 6.727 20
1.707 0.155 6.295 21
1.583 0.045 6.12 19
1.771 0.678 6.642 20
2.099 0.883 7.194 20
1.929 0.625 7.213 20
1.712 0.143 6.937 21
1.542 -0.161 6.822 19
1.848 -0.28 7.253 21
2.289 -0.518 7.741 19
2.426 -1.137 7.887 20
2.02 -2.656 7.028 20
2.304 -3.143 6.255 20
3.379 -3.257 6.009 21
4.288 -3.4 8.029 19
4.324 -4.311 8.925 20
4.014 -6.15 9.375 30
3.479 -8.295 8.594 20
3.517 -9.129 8.116 21
4.164 -8.552 7.796 20
5.352 -7.726 7.92 19
6.024 -7.644 8.07 20
6.33 -8.678 7.86 21
5.783 -10.021 7.829 20
5.846 -11.643 7.256 19
6.013 -12.789 7.03 20
5.965 -12.998 7.467 20
5.799 -12.803 7.929 21
5.77 -12.663 7.962 20
6.022 -12.789 7.98 20
6.067 -12.551 8.085 20
6.591 -12.323 8.092 19
5.991 -11.656 8.07 20
5.591 -11.031 7.674 21
5.345 -10.154 7.028 19
4.567 -9.192 6.684 21
4.041 -8.417 6.314 19
3.939 -7.858 6.489 20
4.052 -7.404 7.12 20
4.079 -7.346 7.817 20
4.276 -7.64 8.158 20
4.311 -7.915 9.189 20
4.421 -8.286 9.024 20
4.519 -8.477 8.563 20
4.749 -8.566 8.511 20
4.926 -9.063 8.193 20
5.257 -9.928 8.176 20
5.785 -10.791 8.392 20
6.454 -12.137 8.007 20
7.398 -13.619 7.513 21
7.846 -14.467 6.908 20
8.199 -14.099 6.599 19
8.008 -13.705 6.318 21
7.951 -13.383 6.066 19
7.286 -12.745 5.725 20
6.623 -12.232 5.204 20
6.101 -11.371 4.994 20
5.466 -9.932 4.622 21
4.817 -8.496 5.339 20
4.311 -7.631 5.495 19
4.281 -7.279 5.713 21
4.423 -6.912 5.61 19
3.848 -6.435 5.686 20
2.808 -5.54 6.118 21
2.262 -4.493 6.324 19
2.207 -3.818 6.598 20
2.789 -2.948 6.55 20
2.549 -2.935 6.49 21
2.12 -2.579 7.115 20
1.678 -2.537 7.459 19
1.641 -1.992 8.308 21
1.658 -1.791 8.228 19
2.142 -1.756 8.411 20
2.915 -1.365 9.289 21
2.787 -1.087 9.886 19
1.919 -1.416 10.177 20
1.53 -1.78 10.538 20
1.597 -1.956 10.52 21
1.203 -1.559 10.176 20
1.323 -0.647 10.517 30
0.977 -0.512 9.898 30
1.154 -0.605 10.18 23
1.254 -0.923 9.708 17
1.38 -0.608 10.093 19
1.399 -0.549 11.238 21
1.399 -0.549 11.238 24
1.445 -0.584 10.945 16
0.135 -1.096 10.45 19
0.96 -0.614 10.396 20
1.065 -0.402 10.484 21
1.27 -0.239 10.769 19
1.319 -0.209 11.102 20
0.839 -0.42 10.963 21
0.356 -0.638 10.739 19
0.305 -0.55 10.632 21
0.796 -0.208 10.977 19
1.245 0.045 11.261 21
0.95 0.073 11.012 20
0.738 0.086 10.812 20
0.932 0.154 10.83 20
1.016 0.211 11.132 20
0.874 0.13 10.857 20
0.706 0.081 11.193 20
0.898 0.053 11.224 19
0.746 0.034 11.266 21
0.597 -0.005 11.19 19
0.634 -0.217 11.279 21
0.765 -0.111 11.345 20
0.918 -0.037 11.053 20
0.742 0.04 11.044 20
0.619 0.128 11.156 19
0.699 0.11 11.02 20
0.859 0.008 11.006 21
0.934 0.11 11.093 19
0.958 0.055 11.197 20
-0.99 -0.168 15.649 21
0.688 0.19 10.244 19
1.29 0.143 11.229 21
0.446 -0.346 10.984 19
0.474 -0.099 11.59 21
