1.197 2.087 10.459 19
0.808 2.198 11.503 20
0.882 1.944 10.759 20
0.765 1.813 11.0 20
0.845 1.872 11.27 21
0.992 1.935 10.983 20
0.822 1.901 11.042 20
0.728 1.912 10.95 22
0.736 2.038 10.896 19
0.69 2.072 10.692 18
0.657 2.035 10.539 20
0.766 2.047 10.571 21
0.784 2.009 10.669 20
0.825 1.896 10.641 19
0.714 1.799 10.762 21
0.725 1.784 10.802 20
0.744 1.762 11.05 20
0.658 1.681 10.747 22
0.658 1.681 10.747 18
0.438 1.796 10.772 20
0.857 2.007 10.703 19
0.211 1.809 11.213 20
0.48 1.852 10.922 20
0.69 1.768 10.991 20
0.711 1.689 11.302 21
0.738 1.567 11.15 20
0.441 1.425 10.97 19
0.42 1.523 11.118 21
0.786 1.502 11.075 19
0.639 1.561 11.218 20
0.492 1.45 10.933 21
0.611 1.567 10.696 19
-0.096 1.653 12.237 20
1.28 1.883 10.189 20
1.178 1.593 10.924 21
1.232 1.283 11.406 20
1.464 0.966 11.157 20
0.11 0.433 11.401 19
0.623 0.886 11.005 20
0.631 1.181 10.699 20
0.676 1.502 9.449 20
1.077 1.851 11.211 20
1.476 1.577 10.89 21
1.714 1.249 10.776 19
1.44 1.025 10.751 20
1.205 1.056 10.647 20
0.787 1.092 10.308 20
0.602 1.098 9.707 21
0.462 1.215 9.107 19
0.585 1.334 8.905 20
0.581 1.268 9.69 21
0.41 0.724 9.496 19
0.595 0.205 9.659 20
0.837 0.082 9.705 20
0.99 0.144 9.68 20
0.84 0.16 9.33 20
0.799 0.289 9.019 20
1.015 0.17 9.395 20
1.299 -0.511 8.939 22
1.299 -1.313 8.067 18
1.726 -1.972 7.194 20
1.648 -2.49 6.507 20
2.338 -2.248 6.258 20
2.617 -2.484 6.307 20
2.727 -2.519 7.355 20
2.925 -3.762 7.205 21
3.04 -4.811 7.49 19
3.004 -5.889 7.06 21
3.581 -6.193 8.006 19
4.343 -6.361 9.683 20
4.849 -7.194 10.306 21
4.964 -8.604 9.423 19
5.247 -10.029 8.469 20
5.394 -10.478 8.71 20
5.525 -10.444 8.983 20
5.88 -10.71 9.065 21
5.764 -11.7 8.945 19
5.787 -12.535 8.657 20
5.961 -13.016 8.731 21
5.937 -12.979 8.921 19
5.994 -12.614 8.863 20
5.804 -12.375 8.072 20
5.405 -11.214 6.707 21
5.114 -10.772 5.764 19
4.984 -10.063 5.485 20
4.524 -9.581 5.266 20
4.299 -9.159 5.345 20
4.22 -8.978 5.206 21
4.355 -8.737 5.628 20
4.527 -8.386 5.63 20
4.307 -8.036 5.785 20
4.053 -7.696 5.983 19
4.164 -7.48 6.143 21
4.261 -7.339 6.332 20
4.191 -7.146 6.124 19
4.41 -6.904 6.169 21
4.491 -6.611 6.3 19
4.61 -6.679 6.423 21
4.72 -7.191 6.486 20
4.79 -7.789 6.444 19
4.89 -8.32 6.433 21
5.112 -8.599 6.388 19
5.281 -8.855 6.304 21
5.455 -9.148 6.161 19
5.598 -9.572 6.368 20
5.647 -10.075 6.477 21
5.754 -10.729 6.706 19
5.727 -11.421 6.472 21
5.939 -11.84 6.325 20
5.769 -11.758 6.721 19
5.724 -11.655 7.071 20
5.563 -11.742 7.564 20
5.625 -12.1 8.01 21
6.034 -12.527 8.65 19
6.177 -12.941 8.844 20
6.547 -12.639 9.732 21
6.182 -12.212 9.983 19
5.836 -11.951 10.11 21
5.733 -11.587 9.685 20
5.453 -10.839 10.115 19
5.419 -10.171 10.381 21
5.055 -9.635 9.436 19
4.581 -8.207 8.504 21
4.243 -6.413 8.152 19
3.621 -4.857 6.793 21
3.091 -3.202 6.011 20
3.101 -2.132 5.555 19
2.585 -1.599 5.166 21
2.453 -1.057 4.966 20
2.102 -0.851 4.896 20
1.882 -0.434 5.126 20
1.813 -0.162 5.037 19
1.966 0.228 5.338 21
1.888 0.347 5.285 19
1.833 0.522 5.178 20
1.756 0.605 5.025 21
1.621 0.767 5.21 20
1.802 0.663 5.279 20
1.929 0.508 5.566 20
2.081 0.306 6.267 19
1.995 -0.19 6.775 21
2.051 -0.853 7.62 19
1.985 -1.819 7.63 21
2.246 -2.332 7.998 19
2.823 -3.024 8.041 20
3.023 -3.448 7.933 21
3.046 -3.849 8.394 19
3.479 -4.76 9.101 21
3.542 -5.974 9.182 20
3.835 -7.28 8.54 20
4.075 -7.928 8.156 20
4.517 -7.78 8.617 19
5.343 -7.479 10.672 21
5.076 -8.881 10.078 19
4.623 -10.55 9.005 20
4.863 -11.242 8.704 21
5.194 -10.917 8.772 19
5.629 -10.65 8.726 21
5.837 -10.832 8.296 20
5.788 -11.293 7.817 20
5.827 -11.615 7.71 20
5.545 -11.898 7.477 19
5.44 -11.821 7.262 21
5.393 -11.737 6.484 20
5.119 -11.116 6.526 19
5.024 -10.788 6.383 21
4.937 -10.706 6.04 19
5.025 -10.589 5.561 21
5.055 -9.989 5.647 20
5.064 -9.313 5.83 19
4.993 -8.915 5.732 21
4.781 -8.372 5.956 19
4.408 -8.144 5.863 21
4.123 -7.967 5.865 19
3.912 -7.804 5.848 21
3.887 -7.534 5.886 20
3.945 -7.203 6.022 19
4.137 -7.074 5.967 20
4.435 -7.0 6.313 21
4.463 -7.198 6.228 19
4.469 -7.373 6.304 20
4.609 -7.763 6.288 20
4.599 -8.097 6.181 21
4.615 -8.407 6.205 19
4.746 -8.806 6.045 20
4.93 -9.207 5.817 21
4.863 -9.481 5.618 20
4.642 -9.607 5.453 20
4.443 -9.879 5.478 20
4.192 -10.321 5.642 19
4.084 -10.926 5.912 21
4.546 -11.675 5.916 19
5.15 -12.131 6.277 21
5.495 -12.256 6.536 19
5.789 -11.875 7.188 21
6.148 -12.002 7.605 20
6.071 -12.43 7.723 19
6.124 -12.644 7.747 21
6.325 -12.668 7.968 20
6.563 -12.273 8.725 19
6.49 -12.179 9.081 20
6.168 -12.123 8.928 20
5.937 -11.679 8.589 21
5.807 -10.836 9.364 20
5.442 -10.199 9.411 19
4.276 -7.896 7.789 32
3.775 -4.594 6.943 29
3.205 -3.519 6.171 20
2.736 -2.584 5.61 19
2.699 -1.793 5.811 20
2.357 -1.573 5.178 20
2.108 -1.095 5.263 21
2.187 -0.587 5.349 20
2.171 -0.179 6.029 19
1.895 -0.227 5.561 21
1.69 -0.111 5.437 19
1.683 0.064 5.273 21
1.809 0.368 4.962 20
1.809 0.629 5.132 19
2.023 0.502 5.419 20
1.973 0.216 5.817 20
2.086 -0.44 5.988 21
1.968 -0.887 6.458 19
1.813 -1.383 6.377 20
1.968 -1.616 6.785 21
2.447 -2.04 7.301 19
2.847 -2.915 7.467 21
2.955 -3.839 7.363 20
3.241 -4.913 7.403 19
3.252 -5.722 7.395 20
3.435 -6.336 8.007 20
3.818 -6.889 9.097 21
4.267 -8.114 8.371 19
4.324 -9.469 7.557 20
4.693 -10.018 7.422 21
5.203 -9.533 9.233 21
5.467 -10.001 9.679 18
5.309 -11.286 9.625 21
5.566 -12.582 9.095 20
5.479 -12.952 8.719 19
5.682 -12.297 8.774 21
6.138 -11.534 8.778 19
6.058 -11.432 8.326 21
5.797 -11.486 7.783 19
5.612 -11.554 7.321 21
5.497 -11.233 7.076 20
5.285 -10.773 6.656 20
4.968 -10.165 6.413 20
4.661 -9.653 6.307 19
4.429 -9.375 6.294 20
4.325 -9.193 6.062 20
4.459 -9.043 5.977 21
4.603 -8.756 6.074 20
4.472 -8.249 6.313 19
3.955 -7.854 6.613 20
3.998 -7.715 6.792 20
4.041 -7.585 7.009 21
3.998 -7.57 7.228 20
3.913 -7.61 7.226 19
3.839 -7.619 7.209 20
3.797 -7.51 7.211 20
3.889 -7.563 7.091 21
4.093 -7.773 6.934 20
4.306 -8.132 6.735 19
4.496 -8.534 6.677 21
4.537 -8.798 6.594 19
5.024 -9.713 6.955 21
5.26 -10.565 6.701 20
5.579 -11.14 6.509 19
5.473 -11.164 6.555 20
5.475 -11.193 6.855 20
5.749 -11.572 6.837 21
6.249 -11.862 7.211 19
6.447 -12.108 7.385 20
6.43 -12.276 7.565 21
6.024 -12.349 7.843 19
5.569 -12.4 7.902 21
5.592 -12.51 7.668 20
5.429 -12.04 7.959 19
5.193 -11.511 8.284 20
4.793 -11.267 8.359 20
4.582 -10.884 8.352 21
4.362 -10.165 8.053 19
3.962 -8.978 8.347 20
3.644 -7.967 8.647 21
4.103 -7.357 8.637 19
4.04 -6.712 7.665 21
3.593 -5.546 7.989 20
2.747 -4.495 6.706 19
2.421 -3.26 6.255 20
2.247 -1.91 6.825 20
1.526 -0.664 6.453 21
1.86 -0.023 6.4 20
2.088 0.36 6.406 19
1.889 0.632 6.074 21
1.308 1.066 6.515 19
0.962 1.79 7.721 20
0.984 1.544 7.98 21
1.154 1.579 8.268 19
1.971 1.626 8.41 20
2.298 2.132 8.932 20
2.208 2.357 9.437 21
1.152 2.353 9.837 19
1.07 2.401 10.166 20
0.999 2.234 10.393 21
0.967 2.251 10.263 19
0.762 2.277 10.366 21
0.35 2.113 10.279 20
0.457 2.156 10.656 19
0.664 2.014 10.427 21
0.893 2.029 10.807 19
0.78 1.853 10.75 21
0.621 1.72 10.776 20
0.621 1.735 10.966 20
1.567 1.963 6.768 20
1.516 2.367 10.607 19
1.083 1.845 11.061 21
0.718 1.478 11.371 19
0.514 1.219 10.448 20
0.777 1.475 11.351 20
