0.659 1.39 11.326 20
0.567 1.272 10.744 20
0.792 1.414 11.147 20
0.378 1.205 11.23 20
0.828 1.397 11.372 21
0.419 1.565 11.303 19
0.348 1.688 11.787 20
0.325 1.71 11.686 21
0.076 1.653 12.027 19
0.189 1.575 11.796 21
0.118 1.539 11.933 20
0.361 1.36 11.779 19
0.069 1.562 11.563 21
0.158 1.62 11.269 19
0.245 1.506 10.738 21
0.366 1.587 10.312 20
0.229 1.52 10.412 19
0.376 1.347 10.453 21
0.45 1.225 10.229 20
0.483 1.277 10.243 20
0.356 1.385 10.371 19
0.313 1.466 10.001 21
0.162 1.413 10.214 19
0.214 1.441 10.311 21
0.341 1.39 10.49 20
0.3 1.5 10.661 19
0.373 1.579 10.619 20
0.404 1.822 10.626 21
2.395 2.168 6.666 20
0.689 2.595 9.926 19
0.68 1.969 10.91 20
0.861 1.766 10.196 20
0.714 1.59 10.627 20
0.96 1.281 9.583 20
0.65 1.437 10.603 20
1.13 1.366 9.186 20
0.769 1.173 7.176 20
1.143 0.878 9.86 20
1.55 0.479 8.387 21
1.34 0.392 8.674 20
1.203 -0.108 8.126 20
1.179 -0.372 7.831 20
1.29 -0.365 7.45 20
1.362 -0.152 7.448 19
1.484 -0.379 7.385 21
2.253 -0.855 7.65 20
2.106 -1.621 8.047 19
1.977 -2.988 7.048 21
2.075 -3.584 7.265 20
1.961 -3.148 9.117 20
2.218 -3.216 9.115 19
2.44 -3.758 9.968 20
2.926 -5.258 10.068 20
3.308 -6.595 10.951 21
3.478 -7.513 10.5 21
3.816 -7.783 11.078 18
4.022 -7.544 10.53 20
4.423 -7.302 10.588 20
5.297 -7.891 10.208 21
5.422 -8.619 9.905 19
5.66 -9.461 9.284 20
5.53 -10.019 9.37 20
5.67 -10.165 9.281 20
6.043 -10.461 9.181 20
6.076 -10.862 8.717 20
5.89 -10.762 8.504 20
5.815 -10.572 8.044 20
5.554 -10.4 7.654 21
5.572 -9.921 7.652 19
5.57 -9.536 7.462 21
5.437 -9.186 7.188 20
5.439 -8.793 7.112 19
5.077 -8.525 6.556 20
4.515 -7.695 6.532 20
4.319 -7.056 6.753 21
4.527 -6.883 6.74 19
4.763 -6.946 6.739 20
4.725 -6.888 6.509 21
4.66 -6.606 6.551 19
4.542 -6.377 6.574 21
4.591 -6.423 6.446 19
4.549 -6.524 6.312 20
4.524 -6.765 6.425 20
4.563 -7.207 6.356 20
4.851 -7.508 6.532 21
5.269 -7.885 6.543 20
5.524 -8.27 6.624 19
5.639 -8.4 6.725 21
5.622 -8.604 6.819 20
5.508 -9.004 6.767 20
5.231 -9.369 6.369 19
5.085 -9.345 6.512 20
4.906 -9.114 7.036 20
4.967 -9.377 7.586 21
5.195 -9.825 8.14 19
5.354 -10.577 8.34 20
5.424 -10.876 8.436 20
5.498 -10.364 8.823 21
5.373 -9.992 9.132 19
5.245 -9.728 9.275 21
5.133 -9.696 9.229 19
5.036 -9.418 9.717 20
5.046 -9.151 10.242 20
4.93 -8.963 10.104 20
4.661 -8.523 9.811 21
4.524 -7.697 9.406 19
4.351 -6.795 9.253 20
4.143 -5.882 8.672 21
4.022 -5.006 8.055 19
3.667 -4.24 7.591 21
3.476 -3.351 7.971 19
3.208 -2.796 8.511 20
2.765 -2.779 7.399 21
2.492 -2.472 6.795 19
2.577 -1.743 6.519 21
2.79 -0.931 6.668 19
2.585 -0.455 6.677 21
2.571 -0.171 6.429 20
2.313 -0.247 6.058 19
2.169 -0.184 5.868 21
2.159 0.138 6.203 19
2.151 0.215 6.152 20
2.059 0.186 6.296 20
2.068 0.085 6.587 20
2.086 -0.171 7.006 21
2.211 -0.526 7.665 19
2.05 -1.011 7.667 20
1.889 -1.283 7.473 20
1.942 -1.42 7.351 21
2.56 -1.325 8.183 20
2.75 -1.648 9.069 19
2.472 -2.736 8.819 20
2.236 -3.9 8.456 20
2.469 -4.643 7.679 21
2.927 -4.544 7.72 19
3.773 -3.778 9.654 20
4.781 -4.272 10.394 20
3.929 -6.165 10.006 20
3.417 -7.765 8.822 21
3.579 -8.134 8.371 19
4.204 -7.649 8.535 20
4.996 -6.97 10.329 20
5.314 -7.668 11.173 20
4.847 -9.594 9.988 20
4.525 -10.985 8.953 20
4.627 -10.579 9.157 20
5.004 -9.699 9.008 20
5.185 -9.159 8.823 20
5.078 -9.053 8.376 20
4.852 -9.513 7.844 20
4.766 -9.841 7.491 20
4.996 -10.031 7.44 20
4.998 -9.842 7.242 20
4.921 -9.519 6.794 20
4.748 -9.271 6.635 20
4.703 -9.199 6.607 20
4.791 -9.307 6.313 20
4.87 -9.216 6.219 20
5.0 -8.392 6.024 20
4.925 -7.919 6.072 20
4.89 -7.691 6.127 20
4.962 -7.532 6.216 20
4.843 -7.482 6.219 20
4.567 -7.291 6.031 21
4.212 -6.952 6.124 19
4.006 -6.641 6.234 20
4.152 -6.581 6.453 20
4.352 -6.743 6.643 20
4.591 -7.012 6.722 21
4.628 -7.419 6.581 19
4.582 -7.55 6.565 20
4.519 -7.565 6.53 20
4.606 -7.738 6.316 20
4.768 -7.887 6.444 21
4.785 -8.338 6.422 19
4.779 -8.669 6.415 20
4.828 -8.948 6.561 20
4.83 -9.09 6.691 20
4.961 -9.431 6.855 21
4.948 -9.798 6.989 19
4.912 -10.047 7.371 20
4.996 -10.435 7.668 20
5.261 -10.893 7.729 21
5.508 -11.09 7.625 19
5.806 -10.929 8.071 21
5.797 -10.873 8.826 19
5.516 -11.249 8.446 20
5.379 -11.346 8.074 21
5.267 -10.775 8.547 19
5.267 -10.305 9.208 21
5.357 -10.492 8.865 19
5.37 -10.072 8.52 20
5.321 -9.371 8.368 20
5.118 -8.407 7.962 20
4.836 -7.341 7.509 21
4.604 -6.308 7.459 19
4.368 -5.552 7.034 20
4.115 -4.887 6.533 20
3.776 -4.091 6.242 20
3.482 -3.37 6.456 20
3.216 -3.0 6.245 20
2.971 -2.605 6.046 26
3.057 -2.25 6.053 19
3.154 -2.083 5.91 16
3.076 -1.887 5.876 20
2.852 -1.563 5.885 19
2.687 -1.39 5.877 20
2.517 -1.517 5.697 20
2.658 -1.516 5.744 21
2.854 -1.52 6.177 21
2.943 -1.743 6.254 18
2.815 -2.064 6.313 20
2.785 -2.323 6.54 20
2.715 -2.866 6.23 20
2.947 -3.131 6.636 20
3.19 -3.581 6.846 20
3.272 -4.127 7.467 20
3.602 -5.0 7.601 20
3.699 -5.883 7.505 20
4.266 -7.089 7.15 21
4.693 -7.159 8.23 19
5.102 -8.104 8.56 20
5.108 -9.325 8.926 20
4.937 -10.497 8.81 21
4.987 -10.847 8.84 20
5.332 -10.589 8.819 19
5.728 -10.407 8.681 20
5.612 -10.451 8.236 21
5.558 -10.674 7.874 19
5.548 -10.92 7.74 21
5.653 -10.99 7.624 20
5.616 -11.033 7.618 19
5.582 -11.014 7.472 21
5.578 -10.807 7.505 20
5.674 -10.899 6.842 20
5.657 -10.481 6.4 19
5.138 -9.821 6.025 20
4.716 -9.315 5.625 21
4.69 -8.875 5.654 20
4.653 -8.732 5.514 20
4.749 -8.636 5.507 19
4.732 -8.411 5.368 21
4.526 -8.079 5.378 19
4.33 -7.879 5.227 20
4.291 -7.502 5.306 21
4.348 -7.444 5.071 19
4.382 -7.204 5.2 21
4.448 -7.067 5.219 20
4.391 -6.849 5.298 19
4.537 -6.938 5.096 21
4.671 -6.803 5.242 19
4.6 -7.018 5.267 20
4.822 -7.361 5.421 20
4.905 -7.762 5.363 20
5.039 -8.101 5.248 21
5.094 -8.412 5.233 19
5.53 -8.777 5.447 20
5.574 -9.028 5.532 21
5.698 -9.372 5.545 20
5.677 -9.663 5.506 20
5.817 -9.917 5.818 20
5.868 -10.383 6.245 20
5.943 -11.017 6.161 20
6.091 -11.486 6.349 19
6.261 -11.652 6.236 21
6.349 -11.724 6.483 20
6.09 -11.618 6.809 19
5.908 -11.638 7.349 21
5.733 -11.721 7.315 19
5.55 -11.397 7.884 21
5.569 -11.279 8.34 20
5.703 -11.172 8.455 19
5.593 -10.785 8.285 20
5.307 -10.34 8.229 21
5.178 -9.897 8.243 20
5.158 -9.384 8.429 19
4.887 -8.804 8.006 20
4.614 -8.111 7.273 21
4.266 -7.308 6.956 19
3.751 -6.3 7.177 21
3.644 -5.315 7.653 19
2.659 -3.487 6.462 21
2.142 -2.543 5.787 20
2.12 -1.596 6.237 19
2.427 -0.847 7.042 21
2.55 -0.492 7.522 19
2.353 -0.432 7.563 20
2.272 -0.289 7.381 21
2.08 0.227 8.04 19
1.929 0.661 8.947 21
1.447 0.682 8.968 19
1.266 0.61 8.738 20
1.392 0.627 8.771 20
1.713 1.026 9.217 21
1.854 1.55 9.754 20
1.784 1.604 10.105 20
1.567 1.389 9.951 19
1.593 1.29 10.006 21
1.911 1.391 10.424 20
1.631 1.35 10.579 20
1.214 1.19 11.063 19
0.764 0.99 11.026 20
0.823 0.928 10.584 20
0.918 1.009 10.938 20
1.269 1.078 10.954 21
1.335 1.045 11.138 19
1.305 0.896 10.6 20
1.138 1.185 13.02 20
1.283 0.844 10.145 20
1.472 0.948 11.124 20
1.529 0.716 11.486 20
1.326 0.435 10.832 20
1.324 0.531 11.553 20
