0.027 1.269 11.223 21
-0.089 1.235 11.079 19
-0.063 1.198 11.063 20
0.304 1.451 11.057 20
0.046 1.284 11.375 21
-0.105 1.244 11.605 19
0.274 1.202 11.609 21
0.468 1.135 11.862 20
0.337 1.096 11.904 19
0.311 0.929 11.538 20
0.504 1.031 11.414 20
0.359 1.159 11.276 20
0.465 1.27 10.911 21
0.795 1.319 10.874 19
0.073 1.286 10.51 20
0.409 1.016 10.557 21
0.417 0.96 10.762 20
0.445 0.904 10.672 20
0.376 0.857 10.806 20
0.225 0.875 10.79 19
0.215 0.872 10.566 20
0.114 0.952 10.523 20
0.238 1.029 10.498 20
0.184 1.037 10.443 20
0.171 1.142 10.559 20
0.293 1.134 10.559 20
0.543 1.105 10.698 20
1.33 1.304 7.638 20
0.774 1.731 10.162 20
1.149 1.874 10.38 20
1.407 1.669 10.503 20
1.185 1.407 11.433 21
0.888 1.299 11.861 20
-0.099 0.815 10.195 19
-0.255 1.163 11.166 20
0.166 1.383 11.298 20
0.59 1.716 11.129 20
0.625 1.562 11.336 21
0.861 1.456 11.031 19
1.18 1.317 11.788 21
0.926 1.104 11.378 20
0.779 1.106 11.393 19
0.561 1.266 11.233 21
0.608 1.401 10.982 19
0.798 1.551 10.704 20
0.729 1.651 10.503 20
0.669 1.566 10.575 20
0.474 1.211 10.153 21
0.371 1.058 10.015 19
0.371 1.081 9.748 21
0.694 1.39 9.42 19
0.609 1.365 9.131 20
0.541 1.408 8.671 21
0.64 1.128 8.016 19
0.837 1.058 7.629 20
1.077 0.772 6.897 21
1.477 0.429 6.437 20
2.139 0.192 6.98 20
2.034 -0.619 6.77 20
2.453 -1.425 6.695 20
2.278 -2.378 6.21 19
2.212 -3.012 5.639 20
2.806 -3.202 6.302 21
3.6 -3.538 7.574 20
3.126 -4.279 8.145 19
3.59 -5.46 8.829 21
4.221 -6.874 8.098 20
4.619 -7.816 7.602 20
5.087 -7.95 8.458 19
5.534 -8.058 9.483 20
5.587 -8.75 9.607 20
5.266 -10.407 8.543 20
5.694 -11.144 8.131 20
6.322 -11.529 8.213 20
6.65 -11.856 8.405 20
6.588 -12.484 8.296 20
6.559 -13.0 8.217 20
6.552 -13.354 8.023 21
6.777 -13.324 8.125 19
6.71 -13.316 7.847 20
6.524 -13.036 7.294 20
6.112 -12.6 6.471 20
5.811 -11.904 5.857 20
5.622 -11.305 5.443 20
5.397 -10.808 4.727 20
5.343 -10.229 4.217 20
5.379 -9.758 3.924 20
5.251 -9.272 3.718 20
4.907 -9.034 3.363 20
5.1 -8.568 3.387 20
5.367 -7.944 3.978 21
4.903 -7.553 4.342 19
4.664 -7.434 4.586 21
4.682 -7.473 4.778 19
4.997 -7.454 4.509 20
4.507 -7.205 4.473 21
4.578 -6.671 4.734 19
4.58 -6.541 5.018 21
5.118 -6.764 4.859 20
4.932 -7.35 4.46 19
5.037 -7.739 4.532 21
5.107 -8.27 4.166 19
5.043 -8.446 4.336 21
5.424 -8.84 4.487 19
5.776 -9.399 4.785 20
6.094 -10.441 4.653 21
6.218 -11.306 4.168 19
6.108 -11.42 4.114 21
5.785 -11.443 4.252 20
5.721 -11.581 4.7 19
5.993 -12.942 5.245 20
6.221 -13.626 5.084 20
6.059 -13.515 5.536 21
5.811 -13.058 6.156 19
6.041 -12.951 6.878 20
6.339 -13.085 7.37 21
6.715 -13.269 7.456 19
6.794 -12.888 7.925 21
6.522 -12.371 8.733 19
6.096 -11.952 8.984 20
5.86 -11.466 8.66 20
5.551 -10.46 8.871 20
5.188 -9.289 8.933 21
4.894 -8.25 9.0 20
4.376 -7.379 8.055 19
3.597 -6.12 6.933 21
3.226 -4.457 6.442 20
3.186 -3.103 6.055 20
2.708 -2.156 5.245 19
2.201 -1.193 4.945 20
2.088 -0.358 5.288 21
2.011 -0.005 4.845 20
1.898 0.308 4.984 20
1.846 0.449 4.56 19
2.005 0.756 4.691 20
1.804 0.993 4.695 21
1.779 1.185 4.584 19
1.665 1.237 5.077 21
1.585 1.051 5.162 19
1.893 0.705 5.633 20
1.962 0.279 6.094 21
1.95 -0.234 6.186 19
2.16 -0.621 6.4 21
2.233 -0.955 6.647 19
2.371 -1.408 7.256 21
2.595 -2.082 8.624 20
2.781 -3.269 8.687 19
2.532 -4.732 7.79 21
2.575 -5.258 6.92 19
3.596 -4.64 8.06 21
4.688 -4.542 9.862 19
4.497 -5.918 10.94 20
3.802 -8.65 9.325 21
3.925 -10.116 8.207 19
4.289 -9.378 8.283 20
5.308 -8.202 8.594 21
5.679 -8.098 8.098 19
5.562 -8.898 7.247 21
5.436 -10.315 6.684 19
5.874 -11.267 6.75 20
5.878 -11.609 7.255 20
5.576 -11.954 7.49 20
5.743 -12.452 7.873 21
5.779 -12.852 7.777 19
6.004 -12.978 7.75 20
6.456 -12.846 7.819 21
6.45 -12.558 7.246 19
6.126 -11.699 7.181 21
5.574 -10.99 6.565 19
5.076 -10.135 5.491 20
4.885 -9.726 4.996 21
4.752 -9.159 4.681 19
4.708 -8.535 4.682 21
4.458 -8.236 4.466 19
4.593 -8.141 4.278 21
4.46 -7.822 4.54 20
4.172 -7.672 4.515 19
4.297 -7.668 4.484 21
4.422 -7.623 4.531 20
4.384 -7.226 4.816 19
4.386 -6.993 5.084 20
4.495 -7.009 5.29 20
4.29 -7.152 5.513 21
4.227 -7.551 5.467 19
4.212 -7.914 5.4 20
4.378 -8.271 4.973 20
4.35 -8.128 5.271 20
4.44 -8.329 5.389 21
4.763 -8.905 5.621 19
4.957 -9.728 5.724 20
5.242 -10.534 5.393 20
5.446 -10.805 5.372 20
5.448 -10.763 5.716 21
5.459 -11.076 5.74 20
5.418 -11.618 5.785 19
5.446 -12.176 5.884 20
5.324 -12.482 6.34 20
5.715 -12.898 6.467 20
5.9 -12.986 6.85 20
6.429 -12.875 7.006 20
6.627 -12.613 7.466 21
6.387 -12.516 7.886 19
6.137 -12.377 7.707 26
5.695 -11.366 7.953 34
5.506 -10.506 8.041 20
5.399 -9.558 8.114 20
5.211 -8.85 8.14 21
5.036 -7.945 7.728 19
4.724 -6.944 7.648 20
4.273 -6.071 7.491 20
3.659 -5.257 6.789 20
3.404 -4.308 6.419 22
3.039 -3.441 5.904 19
2.79 -2.483 6.182 20
2.773 -2.022 6.163 20
2.654 -1.619 5.87 19
2.757 -1.383 5.552 21
2.416 -0.887 5.485 19
2.432 -0.366 5.665 20
2.43 -0.129 5.779 20
2.162 -0.135 5.794 21
2.234 -0.107 6.27 20
2.405 -0.305 6.258 19
2.509 -0.36 6.448 20
2.626 -0.385 6.691 21
2.718 -0.501 6.877 19
2.604 -0.974 6.513 21
2.435 -1.259 6.642 19
3.293 -2.245 7.63 20
3.505 -3.044 8.224 21
3.402 -4.018 7.999 19
3.454 -4.782 7.571 21
3.691 -5.113 7.302 20
4.083 -4.569 9.109 19
4.568 -5.497 9.213 21
4.338 -6.983 9.15 19
4.117 -8.326 8.458 21
4.336 -8.61 8.085 19
4.887 -8.223 7.961 20
5.44 -7.958 8.147 21
5.531 -8.156 8.39 19
5.239 -9.414 8.395 21
5.295 -10.591 8.79 19
5.464 -11.419 8.528 20
5.349 -11.348 8.426 21
5.332 -10.885 8.253 19
5.489 -10.484 8.079 21
5.787 -10.399 7.751 19
5.683 -10.359 7.276 20
5.629 -10.218 7.042 22
5.507 -9.965 6.835 18
5.328 -9.503 6.819 22
4.818 -9.219 6.846 18
4.515 -8.962 6.636 20
4.405 -8.877 6.672 20
4.494 -8.593 6.912 20
4.588 -8.28 7.218 21
4.569 -8.108 7.799 19
4.408 -7.974 8.013 20
4.305 -7.988 8.246 20
4.382 -7.887 8.374 20
4.305 -7.789 8.41 22
4.348 -7.735 8.788 18
4.428 -8.2 8.428 20
4.627 -8.684 8.237 21
4.895 -9.087 8.062 19
4.951 -9.532 8.041 21
5.272 -9.976 7.708 19
5.519 -10.477 7.653 20
5.71 -10.873 7.527 21
6.108 -11.317 7.181 19
6.159 -11.467 7.05 21
6.314 -11.387 7.058 19
6.185 -11.327 7.339 20
6.294 -11.599 6.98 21
6.344 -11.478 6.983 19
6.057 -11.105 7.067 21
5.554 -9.577 7.078 26
5.387 -9.084 7.477 33
4.833 -9.136 7.186 21
4.804 -8.675 7.255 20
4.477 -7.218 6.458 29
3.842 -6.001 7.465 21
3.464 -5.218 6.628 19
2.967 -4.381 6.465 21
2.905 -3.432 6.646 19
2.926 -2.822 6.854 20
2.416 -2.412 7.049 21
2.121 -1.973 7.44 20
1.979 -1.634 7.623 19
1.949 -1.687 7.935 20
2.011 -1.256 8.068 21
2.034 -1.126 8.016 20
1.937 -0.935 8.823 19
1.731 -0.567 9.303 21
2.177 -0.191 9.715 20
2.259 -0.253 9.503 19
1.983 -0.385 9.695 21
1.69 -0.386 9.835 20
1.445 -0.209 10.255 19
1.636 -0.052 10.419 21
1.708 -0.083 10.391 20
1.501 -0.227 10.488 20
1.343 -0.214 10.397 19
1.356 -0.225 10.805 21
1.304 -0.148 10.745 20
1.342 -0.076 10.951 19
1.353 0.044 10.806 21
1.296 0.056 11.0 19
1.324 -0.12 10.964 20
1.271 -0.152 11.091 21
0.892 -0.07 12.244 19
1.463 0.149 10.121 21
1.454 0.252 11.001 19
1.378 0.096 11.264 21
1.08 -0.27 11.718 19
1.058 -0.337 11.406 20
1.166 -0.158 11.252 20
1.072 -0.003 11.209 20
