1.013 1.09 11.249 21
1.025 1.143 10.678 19
1.039 1.147 11.057 21
1.122 1.026 10.744 19
1.197 0.991 10.869 20
1.28 0.996 11.068 21
1.178 1.003 11.114 20
1.207 1.02 10.958 20
0.638 0.862 10.923 19
1.022 1.058 10.694 21
0.912 1.084 10.754 19
1.12 1.026 10.922 21
1.13 0.934 11.014 19
1.132 0.766 10.897 20
0.999 0.714 10.849 20
1.001 0.845 10.861 21
1.031 0.889 10.953 19
1.057 0.831 10.923 20
0.992 0.817 11.11 20
1.078 0.692 10.997 20
1.112 0.671 11.097 21
1.201 0.698 11.053 20
1.053 0.797 10.788 19
1.021 0.852 10.826 21
1.017 0.85 11.007 20
0.963 0.699 10.747 19
1.108 0.559 10.459 21
1.561 0.468 9.707 19
1.28 0.361 9.883 20
1.28 0.35 8.459 21
1.444 0.734 8.005 19
1.762 0.426 6.865 20
2.196 0.314 6.343 20
2.638 0.091 5.93 20
2.793 -0.337 5.595 20
2.799 -0.861 5.331 20
3.424 -1.101 5.609 21
3.121 -1.768 7.521 20
2.809 -1.914 8.715 19
2.308 -3.635 8.62 20
2.525 -4.319 8.574 20
3.376 -5.684 8.264 21
4.079 -6.125 8.161 19
4.375 -6.035 9.354 20
5.313 -7.967 9.457 20
5.716 -9.263 9.54 21
6.328 -10.047 9.938 20
6.935 -10.765 10.098 20
6.792 -10.909 10.496 20
6.798 -10.914 10.818 19
6.779 -10.89 10.638 20
6.781 -10.885 10.28 21
6.534 -11.079 9.338 20
6.098 -10.874 8.703 19
5.583 -10.413 8.01 21
5.515 -9.672 7.327 20
5.43 -8.885 6.837 19
5.163 -8.302 6.563 20
4.951 -7.867 6.433 20
4.806 -7.562 6.405 21
4.905 -7.435 6.649 19
4.964 -7.468 6.922 21
4.905 -7.535 6.952 19
4.649 -7.351 6.903 21
4.39 -6.988 7.02 19
4.385 -6.644 7.283 20
4.568 -6.436 7.455 21
4.532 -6.543 7.534 19
4.485 -6.807 7.429 20
4.76 -7.001 7.371 20
4.859 -7.055 7.594 21
4.893 -7.134 7.679 19
5.028 -7.46 7.684 20
5.073 -7.804 7.674 20
5.374 -8.182 7.756 21
5.522 -8.537 7.63 20
5.568 -8.703 7.626 20
5.623 -9.031 7.55 24
5.601 -9.239 7.561 16
5.874 -9.296 7.907 19
6.079 -9.575 8.195 20
6.065 -9.641 8.758 21
6.023 -9.821 9.257 19
6.14 -10.218 9.527 21
6.058 -10.546 9.101 19
6.074 -10.158 9.156 21
6.082 -9.604 9.502 19
6.055 -9.12 9.778 21
5.992 -8.837 9.554 19
5.855 -8.569 9.111 21
5.635 -8.071 9.242 19
5.119 -7.531 8.945 20
4.67 -6.719 8.782 20
4.091 -5.728 9.06 21
3.448 -4.979 8.252 19
3.175 -4.3 7.872 20
3.385 -3.555 7.179 21
3.393 -2.68 7.266 19
3.442 -1.759 7.652 20
2.881 -1.469 7.649 20
2.256 -1.222 7.517 21
1.761 -1.379 7.182 20
1.894 -0.786 6.803 19
2.374 -0.093 7.094 20
2.536 0.396 7.728 21
2.338 0.716 7.557 19
2.137 0.59 7.349 21
2.05 0.528 6.834 20
1.816 0.792 6.374 19
2.024 1.129 6.938 20
2.377 0.902 7.228 20
2.21 0.264 6.944 21
2.023 -0.233 7.048 20
1.81 -0.948 6.883 19
2.135 -1.1 6.872 20
2.505 -1.035 8.01 21
2.893 -1.372 9.146 20
2.838 -2.309 9.097 19
2.457 -3.432 8.517 20
2.323 -3.888 7.653 21
2.885 -3.489 8.12 19
4.188 -2.961 10.186 21
4.672 -3.357 11.639 20
4.257 -5.421 10.611 19
3.239 -6.992 9.778 20
3.136 -7.127 9.245 21
3.635 -6.352 8.709 20
4.505 -5.636 9.394 19
5.485 -5.728 10.114 20
5.039 -7.262 8.686 20
4.259 -8.608 7.595 21
4.029 -9.109 7.531 19
4.677 -8.855 7.755 20
5.501 -8.898 7.971 21
5.587 -9.235 7.83 19
5.8 -9.798 7.575 20
5.744 -10.529 7.307 20
5.392 -10.535 7.541 21
5.419 -10.411 7.824 19
5.563 -10.394 7.897 20
5.773 -10.114 7.907 20
5.767 -9.62 7.886 20
5.798 -9.218 7.983 20
5.56 -8.65 7.977 20
5.128 -8.196 8.022 21
4.962 -7.731 7.986 19
4.711 -7.516 7.891 20
4.314 -7.389 7.934 20
3.966 -7.17 7.981 21
4.281 -7.162 7.937 19
4.449 -7.073 8.076 20
4.587 -7.078 7.986 20
4.79 -7.248 8.032 20
4.921 -7.468 8.199 20
5.261 -7.911 8.122 20
5.342 -8.363 8.212 21
5.611 -9.626 7.995 29
5.949 -10.001 8.205 20
6.32 -10.421 8.034 21
6.65 -10.656 8.013 19
6.532 -10.811 8.037 20
6.489 -11.096 7.904 20
6.532 -11.286 7.629 21
6.262 -11.08 7.417 19
5.86 -10.477 7.448 20
5.734 -9.875 7.563 20
5.453 -9.345 7.483 21
5.137 -8.642 7.262 20
4.968 -7.819 7.814 20
4.851 -7.313 8.116 19
4.325 -7.023 8.253 20
3.982 -6.627 7.72 20
3.46 -5.999 7.26 21
2.774 -4.35 7.91 29
2.914 -3.639 7.722 26
2.021 -3.697 7.4 35
2.418 -2.769 7.658 20
2.402 -2.448 8.223 20
2.459 -1.987 8.442 19
2.391 -1.696 7.971 20
2.469 -1.26 8.229 20
2.171 -1.128 8.422 21
1.839 -1.237 8.883 19
1.953 -1.025 8.887 20
3.341 -0.519 10.033 20
3.087 -0.064 9.239 20
1.693 -0.232 9.079 20
1.694 -0.475 9.995 20
1.695 -0.465 10.603 20
1.768 -0.699 10.68 20
1.129 -0.839 10.627 21
0.996 -0.429 10.172 19
0.908 -0.118 10.768 21
1.053 -0.258 10.184 20
2.017 -0.047 4.845 19
1.463 -0.27 10.775 25
1.681 -0.581 9.635 16
1.494 -0.37 10.421 21
1.91 -0.368 10.615 18
1.659 -0.658 10.508 21
1.681 -0.571 9.792 19
1.027 -0.543 9.639 21
0.93 -0.523 9.607 19
1.789 -0.552 9.392 20
1.471 -0.608 9.857 21
2.709 -0.774 10.041 19
1.448 -1.522 9.781 20
1.289 -1.857 9.388 20
1.295 -1.828 9.026 21
1.73 -1.575 8.813 19
2.044 -1.61 7.967 20
1.904 -1.648 7.35 20
2.125 -1.981 7.06 20
2.726 -2.596 7.928 20
2.644 -3.514 7.426 21
2.154 -4.151 7.019 20
1.795 -4.367 6.3 20
1.917 -3.713 6.409 20
2.571 -3.506 6.483 19
3.447 -3.168 8.917 21
3.342 -4.81 8.321 20
2.496 -7.511 6.871 19
2.617 -8.09 7.098 22
3.61 -7.258 7.955 18
4.032 -7.219 9.444 21
4.988 -6.931 12.839 20
5.384 -9.704 11.535 19
5.853 -12.254 10.899 21
6.021 -12.792 10.787 19
6.06 -11.663 11.254 20
6.768 -10.995 11.254 20
6.465 -10.426 10.748 21
5.739 -10.358 10.079 19
5.343 -10.087 9.466 20
5.36 -9.551 9.267 21
4.707 -7.648 9.061 20
4.635 -7.137 8.82 19
4.538 -6.777 8.76 20
4.604 -6.767 8.46 21
4.537 -6.799 8.091 19
4.619 -6.759 7.873 20
4.527 -6.577 7.866 20
4.507 -6.558 7.922 21
4.672 -6.847 7.792 19
4.797 -7.226 7.55 21
5.037 -7.674 7.319 20
5.19 -8.004 7.176 19
5.272 -8.09 7.397 20
5.243 -8.349 7.29 22
5.13 -8.734 7.353 19
5.118 -9.077 7.356 20
5.046 -9.399 7.567 20
5.259 -9.698 7.665 19
5.225 -9.918 7.973 21
5.233 -10.011 8.199 19
5.362 -9.804 9.066 20
5.257 -10.18 8.94 21
4.879 -10.409 8.806 19
4.925 -10.048 8.954 20
4.734 -9.504 9.419 21
4.511 -9.253 9.568 20
4.532 -9.259 9.308 19
4.323 -9.036 8.874 20
4.652 -8.341 8.902 21
4.641 -7.729 8.94 19
4.357 -7.025 8.932 21
3.917 -6.381 8.472 19
3.648 -5.73 8.271 21
3.264 -5.057 8.571 19
3.22 -4.083 9.296 20
3.197 -4.227 8.347 21
2.669 -3.76 7.696 20
2.585 -2.705 7.883 19
2.487 -1.807 8.327 20
2.538 -1.082 9.19 21
2.712 -1.049 9.028 20
2.578 -1.543 7.67 19
2.11 -1.337 7.461 20
2.258 -0.231 8.646 21
2.139 0.586 9.206 19
1.933 0.627 9.014 21
1.931 0.754 8.416 19
2.155 0.941 8.413 20
1.92 1.119 8.677 21
1.814 1.448 9.327 19
1.745 1.543 9.716 21
1.713 1.528 9.784 20
1.325 1.577 9.627 19
1.356 2.138 9.792 20
1.688 2.208 10.159 21
1.319 1.962 10.23 20
1.064 1.559 10.226 19
1.132 1.402 10.432 21
1.007 1.395 10.693 19
0.743 1.502 11.218 20
0.825 1.403 10.779 21
1.055 1.486 10.89 20
1.141 1.531 10.979 19
1.324 1.488 10.763 20
0.989 1.573 10.966 21
1.057 1.601 10.789 20
0.555 1.544 11.644 19
1.466 1.973 9.999 20
1.215 1.847 11.402 20
1.221 1.434 10.768 20
0.901 1.168 11.075 21
1.288 1.28 11.364 19
