0.629 1.284 11.23 30
0.608 1.09 11.123 20
0.441 1.02 11.185 20
0.353 0.942 10.909 21
0.344 1.173 11.245 19
0.634 1.288 11.056 20
0.707 1.344 11.073 20
0.446 1.245 10.97 20
0.313 1.246 11.236 20
0.392 1.292 10.971 21
0.32 1.275 10.903 19
0.407 1.277 10.976 21
0.403 1.335 10.983 20
0.495 1.351 10.735 20
0.362 1.42 11.105 20
0.615 1.415 10.97 19
0.496 1.221 10.981 21
0.41 1.088 11.121 19
0.604 1.077 11.185 21
0.626 1.025 11.091 19
0.453 1.07 11.017 21
0.296 1.187 11.127 19
0.496 1.141 10.936 20
0.573 1.126 10.993 20
0.524 1.162 10.184 21
-0.225 1.542 12.512 20
1.032 1.383 10.654 20
1.16 1.387 10.535 20
0.849 1.324 11.036 20
0.524 1.119 10.975 19
0.58 1.039 10.773 20
0.572 1.227 10.867 21
0.617 1.313 10.722 20
0.653 1.294 10.56 20
0.638 1.221 10.803 19
0.892 1.239 10.147 20
0.302 1.11 11.421 21
1.032 1.316 10.502 20
0.771 1.379 10.644 19
0.71 1.199 10.615 21
0.661 1.064 11.239 19
0.665 0.712 11.044 21
0.559 0.626 11.199 19
0.641 0.641 11.054 20
0.499 0.712 10.69 20
0.528 0.765 10.11 20
0.561 0.868 9.572 21
0.565 0.966 9.127 20
0.916 1.043 8.847 20
0.861 0.783 8.426 20
0.514 0.359 7.756 19
0.434 0.191 7.256 21
1.095 -0.241 6.456 20
1.743 -0.243 6.763 20
2.53 -0.577 6.841 19
3.295 -0.959 7.618 20
2.599 -2.06 7.674 21
2.507 -3.392 7.261 19
2.797 -4.198 7.083 20
3.569 -4.598 6.834 21
4.378 -4.592 7.707 20
4.711 -4.5 9.721 20
4.713 -5.921 9.147 19
4.299 -7.624 8.922 20
4.409 -8.731 8.038 20
4.685 -8.722 7.813 20
5.124 -8.293 7.979 21
5.399 -8.303 7.814 19
5.531 -9.399 7.3 21
5.404 -10.444 6.756 20
5.657 -11.389 6.897 20
6.119 -12.233 6.897 19
6.394 -12.946 7.121 20
6.633 -13.245 7.163 21
6.741 -13.335 7.362 19
6.424 -13.561 6.932 20
6.359 -13.272 6.44 21
6.2 -12.595 5.774 20
5.965 -11.791 5.724 19
5.597 -11.318 5.23 21
5.545 -10.844 5.042 20
5.145 -10.389 4.828 20
4.942 -9.895 4.973 19
4.83 -8.849 5.358 30
4.66 -8.377 5.375 20
4.557 -7.943 5.461 20
4.594 -7.558 5.679 20
4.568 -7.308 5.647 21
4.687 -7.231 5.482 20
4.67 -7.046 5.603 19
4.784 -6.856 5.781 20
4.896 -6.697 6.179 20
5.152 -6.821 6.482 21
5.387 -7.426 6.455 20
5.459 -8.079 6.355 19
5.542 -8.662 6.342 20
5.901 -9.237 6.049 20
5.9 -9.612 5.803 21
5.8 -10.039 5.309 20
6.112 -10.386 5.382 19
6.326 -10.936 5.534 20
6.359 -11.57 5.786 20
6.48 -12.449 5.7 20
6.4 -12.96 6.113 21
6.491 -13.353 6.325 19
6.597 -13.703 6.527 21
6.672 -13.773 6.536 19
6.707 -13.46 7.14 20
6.955 -13.154 7.957 20
6.518 -13.117 8.013 20
6.206 -12.901 8.176 21
6.3 -12.262 8.605 19
6.128 -11.48 8.375 20
5.954 -10.591 8.673 21
5.536 -9.704 8.975 19
4.944 -8.988 8.382 21
4.259 -8.004 7.646 19
4.095 -6.643 7.434 20
3.476 -5.271 6.827 21
3.014 -3.853 6.333 20
3.035 -2.869 6.26 19
2.569 -2.195 5.364 20
2.375 -1.642 4.785 20
2.446 -0.808 4.961 21
2.464 -0.301 4.671 19
2.063 0.003 4.737 20
2.105 0.279 5.229 20
1.908 0.035 5.205 21
1.974 -0.245 5.21 20
2.201 -0.046 5.033 30
2.345 0.122 5.459 20
2.345 0.074 5.98 20
2.263 -0.237 6.568 19
2.16 -0.961 6.702 20
2.175 -1.708 6.733 20
2.32 -2.147 6.909 21
2.791 -2.301 7.716 19
3.017 -2.694 8.305 21
2.774 -3.331 8.177 19
2.935 -4.103 7.838 20
3.502 -4.841 7.937 21
4.076 -5.095 9.57 19
4.216 -5.895 10.152 20
3.853 -6.998 10.31 20
3.639 -8.047 8.993 21
3.864 -8.204 8.077 20
4.496 -7.435 8.017 19
5.67 -7.038 9.524 21
5.597 -7.751 9.348 20
4.812 -9.418 9.325 19
4.895 -10.908 8.577 21
5.106 -11.135 7.973 20
5.334 -10.417 7.94 19
5.646 -9.884 7.801 20
5.605 -9.832 7.159 21
5.278 -10.272 6.213 20
5.034 -10.623 5.845 20
5.219 -10.826 5.549 19
5.178 -10.621 5.957 20
5.372 -10.716 5.865 20
5.422 -10.879 5.314 21
5.41 -10.902 5.022 20
5.481 -10.335 5.266 19
5.611 -9.716 5.427 20
5.6 -9.196 5.384 20
5.424 -8.878 5.357 21
5.149 -8.582 5.395 19
4.824 -8.349 5.059 20
4.683 -7.994 5.028 21
4.361 -7.605 4.991 19
4.435 -7.267 5.114 21
4.484 -7.176 5.156 20
4.57 -7.292 5.349 20
4.588 -7.678 5.076 19
4.445 -7.79 5.308 20
4.578 -7.913 5.694 21
4.776 -8.346 5.798 19
5.089 -9.025 5.874 21
5.333 -9.766 5.725 19
5.519 -10.104 5.67 20
5.52 -10.415 5.793 20
5.471 -10.809 5.607 20
5.463 -11.298 5.451 20
5.508 -11.73 5.29 20
5.287 -11.864 5.447 20
5.276 -11.796 5.835 20
5.137 -11.773 6.268 20
5.048 -11.948 6.43 20
5.405 -12.099 6.768 20
5.666 -11.826 7.031 20
5.819 -11.529 7.349 20
5.766 -11.304 7.591 21
5.689 -10.847 8.153 19
5.368 -10.5 8.576 20
5.5 -10.309 8.825 20
5.674 -9.848 8.68 20
5.666 -8.898 9.114 20
5.555 -7.989 9.437 22
5.203 -7.308 9.171 18
4.631 -6.615 8.801 20
4.091 -5.909 8.562 20
3.754 -5.266 8.135 20
3.578 -4.484 7.872 21
3.257 -3.762 7.953 19
2.864 -3.308 7.046 20
2.688 -2.695 6.575 20
2.551 -1.973 6.205 20
2.331 -1.419 5.849 21
2.05 -0.675 6.106 19
2.133 -0.486 5.406 20
1.932 -0.523 4.946 20
1.86 -0.379 4.679 20
1.665 -0.264 4.484 20
1.71 -0.17 4.442 20
1.786 -0.193 4.67 21
1.893 -0.346 4.948 19
2.105 -0.67 5.534 20
2.187 -1.399 5.476 21
2.142 -2.117 5.433 19
2.713 -2.503 7.559 20
3.033 -3.323 7.999 20
2.944 -4.501 8.35 20
3.224 -5.752 7.673 21
3.476 -6.264 6.919 19
4.208 -5.949 6.707 20
5.278 -5.598 8.013 20
5.843 -5.889 10.134 20
4.483 -8.253 8.63 20
4.366 -10.62 7.219 21
5.029 -11.178 7.04 19
5.674 -10.3 7.999 21
6.635 -9.988 8.301 20
6.821 -10.626 7.581 19
6.534 -11.769 6.559 20
7.048 -12.632 6.615 20
7.025 -12.748 6.958 21
6.677 -12.498 7.273 19
6.508 -12.207 7.577 20
6.136 -11.928 7.417 21
6.134 -11.669 7.339 20
6.108 -11.561 6.855 20
6.304 -11.347 6.324 20
5.868 -10.575 6.019 19
5.201 -9.903 5.657 20
4.996 -9.336 5.497 20
4.948 -8.939 5.707 21
4.927 -8.766 5.61 19
4.808 -8.469 5.849 21
4.537 -8.295 5.771 19
4.319 -7.946 6.072 20
4.307 -7.659 6.024 21
4.431 -7.381 6.308 19
4.208 -7.426 6.393 21
4.308 -7.497 6.477 19
4.423 -7.703 6.673 20
4.639 -7.988 6.653 21
4.782 -8.218 6.553 19
4.782 -8.564 6.35 20
4.724 -8.856 5.912 21
4.962 -9.147 5.806 19
5.275 -9.315 6.186 21
5.451 -10.103 6.168 20
5.567 -11.108 6.482 19
5.815 -12.084 6.268 20
6.474 -12.875 6.404 20
6.622 -13.239 6.412 21
7.015 -13.445 6.464 19
7.211 -13.425 6.75 21
7.189 -13.62 6.946 20
7.071 -13.977 6.6 20
6.791 -13.934 6.636 20
6.779 -13.573 6.431 20
6.65 -12.679 6.355 19
6.464 -11.667 5.737 20
6.058 -10.469 5.767 20
5.379 -9.285 5.704 21
4.901 -8.217 5.859 19
4.455 -7.253 5.388 21
4.111 -6.28 5.767 20
3.664 -5.369 6.624 19
2.627 -3.938 6.234 21
1.932 -3.074 5.916 21
1.871 -2.11 6.477 19
2.175 -1.283 7.146 19
2.687 -0.809 7.776 20
2.765 -1.034 7.673 21
2.083 -1.292 7.326 19
1.294 -0.732 7.901 20
1.369 -0.37 8.243 21
1.857 0.039 8.994 19
2.256 0.067 9.341 21
2.081 -0.077 9.14 19
1.729 -0.152 9.308 20
1.596 0.164 9.837 20
1.45 0.387 10.098 20
1.25 0.591 10.459 21
1.389 0.537 10.18 19
1.428 0.457 9.957 20
1.287 0.537 10.502 21
1.287 0.433 10.853 20
1.243 0.378 10.882 20
1.039 0.316 10.993 19
0.905 0.353 11.17 21
1.047 0.31 11.16 19
1.247 0.39 11.344 20
1.108 0.462 11.335 21
2.521 1.148 4.172 19
1.951 1.322 9.433 20
1.319 1.118 11.403 20
1.162 0.899 10.505 20
1.378 0.869 11.188 20
0.84 0.657 10.932 20
0.814 0.798 11.256 20
