0.57 1.447 11.437 20
0.544 1.3 10.773 20
0.352 1.174 11.1 20
0.468 1.197 11.358 20
1.555 1.422 11.455 20
0.568 0.987 11.309 20
0.718 1.179 11.721 22
0.856 1.125 11.133 19
0.584 1.19 11.396 19
0.706 1.211 11.236 20
0.631 1.281 11.165 22
0.601 1.288 11.017 18
0.629 1.246 11.008 20
0.518 1.166 11.048 20
0.72 1.172 11.042 20
0.637 1.094 11.178 21
0.461 1.01 11.053 19
0.682 1.086 11.024 20
0.781 1.123 10.926 20
0.849 1.257 10.869 20
0.862 1.243 10.9 21
0.936 1.163 10.976 19
0.944 0.896 10.934 20
0.887 0.855 11.038 20
0.931 0.838 10.939 20
0.926 0.949 10.838 20
0.78 0.992 10.553 21
0.884 1.201 10.488 19
1.027 1.201 10.621 22
1.092 1.046 10.596 18
1.041 0.958 10.773 21
0.207 0.923 12.165 19
1.375 1.189 10.363 20
1.656 1.232 10.666 21
1.437 1.111 10.789 19
1.505 0.931 11.064 20
1.015 0.865 9.908 21
0.378 1.271 9.804 19
0.959 1.301 10.128 21
1.124 1.141 10.049 19
1.589 0.785 9.896 21
1.575 0.738 10.065 19
1.264 0.73 9.651 20
1.131 0.62 9.218 21
1.391 0.657 10.077 19
1.266 0.32 10.9 20
1.013 -0.241 11.7 21
0.991 -0.74 11.817 19
1.197 -0.698 11.993 21
1.152 -0.379 11.619 19
0.798 -0.171 10.551 21
0.972 0.032 9.932 19
1.189 -0.116 9.477 21
1.371 -0.415 8.714 20
1.149 -0.819 8.005 20
0.954 -1.232 7.424 19
1.177 -1.427 6.827 20
1.559 -1.642 6.138 20
2.22 -1.822 6.434 21
2.854 -1.922 7.653 19
3.012 -2.965 7.74 21
2.452 -4.126 7.31 19
2.274 -4.887 7.253 20
2.923 -5.318 6.944 20
3.622 -4.926 8.258 20
4.253 -5.283 9.353 20
4.693 -6.176 10.165 20
4.736 -8.121 8.683 20
4.558 -9.196 8.287 21
4.247 -8.964 8.51 19
5.017 -8.606 8.78 21
5.476 -9.259 8.44 19
5.554 -9.906 7.97 20
5.387 -10.908 7.483 20
5.558 -11.543 7.672 20
5.949 -11.91 7.943 20
5.954 -12.163 7.765 20
5.782 -12.41 7.448 20
5.679 -12.376 7.332 20
5.874 -12.214 7.023 20
5.848 -11.769 6.397 20
5.821 -11.22 6.139 20
5.583 -10.578 5.686 20
5.296 -10.032 5.316 20
4.604 -9.04 4.452 30
4.636 -8.623 4.439 21
4.86 -8.339 4.518 19
4.757 -8.101 4.469 21
4.631 -7.874 4.55 19
4.431 -7.629 4.77 20
4.283 -7.488 4.877 21
4.317 -7.419 4.79 19
4.434 -7.22 4.719 20
4.563 -6.832 4.939 20
4.701 -6.659 5.242 21
4.883 -6.883 5.394 20
5.094 -7.448 5.641 19
5.248 -8.146 5.671 21
5.015 -8.556 5.568 19
5.072 -8.628 5.822 20
5.131 -8.813 5.801 21
5.281 -9.153 5.873 19
5.376 -9.851 5.568 21
5.358 -10.249 5.647 20
5.064 -10.539 5.751 20
5.271 -10.672 6.236 20
5.281 -10.912 6.49 19
5.525 -11.467 6.575 21
5.752 -11.858 6.713 19
6.018 -11.987 7.103 20
6.187 -12.039 7.434 21
6.484 -12.149 7.903 19
6.436 -12.23 7.925 21
6.285 -12.184 8.078 19
6.144 -11.927 8.155 21
6.082 -11.369 8.758 20
5.927 -11.201 9.236 19
5.758 -11.013 9.307 21
5.592 -10.618 8.786 19
5.24 -9.552 9.007 21
4.81 -8.413 8.725 20
4.326 -7.291 8.523 19
4.233 -6.114 7.951 21
3.864 -4.902 7.715 19
3.112 -3.493 6.982 21
3.046 -2.512 6.604 20
2.862 -1.65 6.692 19
2.709 -1.011 6.435 21
2.428 -0.623 6.219 19
2.032 0.067 6.29 20
1.783 0.451 6.174 21
1.974 0.655 5.991 19
2.009 1.007 5.903 20
2.093 1.221 5.702 21
1.902 1.323 5.727 20
1.741 1.28 5.755 20
1.62 1.159 5.882 19
1.706 0.998 6.413 21
1.556 0.607 6.504 19
1.777 0.293 6.852 20
1.957 -0.162 7.059 21
2.052 -0.517 7.389 19
2.126 -0.947 7.758 20
2.242 -1.399 8.204 20
2.511 -2.051 8.396 20
2.617 -2.697 9.147 21
2.92 -3.333 9.685 19
3.139 -3.86 9.639 21
3.233 -4.447 8.952 19
3.374 -4.562 8.214 20
4.168 -4.241 9.189 21
4.87 -4.476 10.645 19
4.246 -6.052 10.11 20
3.764 -7.602 9.405 20
3.618 -8.207 8.996 20
4.054 -8.083 8.635 21
4.543 -7.958 8.222 19
4.906 -8.218 7.874 21
5.024 -8.944 7.498 19
5.109 -9.844 7.278 20
5.106 -10.82 6.921 20
5.064 -11.504 7.038 20
5.096 -11.608 7.31 20
5.19 -11.583 7.586 20
5.348 -11.764 7.58 20
5.845 -11.97 7.579 21
6.054 -12.006 7.232 19
5.999 -11.702 7.254 20
5.883 -11.27 6.959 20
5.4 -10.637 6.568 20
4.988 -10.196 5.988 21
4.864 -9.73 5.696 19
4.629 -9.249 5.384 21
4.757 -8.801 5.368 19
4.66 -8.449 5.107 21
4.487 -8.156 5.181 20
4.314 -8.081 5.107 19
4.291 -7.867 5.301 21
4.229 -7.602 5.264 19
4.095 -7.373 5.435 20
4.055 -7.198 5.338 21
3.949 -7.054 5.666 20
4.061 -7.035 5.847 20
4.216 -7.095 6.098 20
4.155 -7.43 6.137 20
4.436 -7.758 6.039 20
4.544 -8.139 5.985 19
4.678 -8.236 5.916 21
4.742 -8.187 5.757 19
4.518 -8.255 5.68 20
4.646 -8.537 5.981 21
5.065 -9.723 5.956 19
5.221 -10.051 6.01 20
5.251 -10.123 6.251 20
5.296 -10.43 6.301 21
5.276 -10.808 6.514 20
5.397 -11.256 6.818 19
5.51 -11.749 6.953 21
5.677 -12.019 7.573 20
5.776 -12.442 7.429 19
6.128 -12.436 7.696 21
6.569 -12.226 7.822 19
6.464 -11.903 7.795 20
6.248 -11.461 8.104 30
5.475 -11.229 8.515 39
5.465 -9.68 8.749 31
5.284 -8.69 8.325 20
4.913 -7.727 7.703 20
4.278 -6.502 6.928 21
4.312 -5.391 6.989 19
4.374 -4.39 7.134 21
3.905 -3.931 6.627 19
3.247 -3.42 6.03 21
2.85 -2.695 5.736 20
2.573 -1.984 5.797 19
2.56 -1.456 5.951 21
2.469 -1.215 5.744 19
2.456 -0.949 5.9 21
2.466 -0.839 6.133 20
2.323 -0.682 6.444 19
2.355 -0.628 6.217 21
2.185 -0.517 6.045 20
2.26 -0.404 5.979 20
2.457 -0.149 6.512 20
2.541 -0.453 6.789 19
2.638 -0.871 7.115 21
2.41 -1.399 7.26 20
2.276 -1.883 7.394 19
2.229 -2.256 7.282 21
2.527 -2.435 7.315 19
2.985 -2.629 7.971 21
3.337 -3.306 7.958 19
3.43 -4.078 8.153 20
3.382 -4.919 7.776 21
3.511 -5.442 7.836 19
3.942 -5.54 8.898 21
4.205 -6.242 8.865 19
4.226 -6.988 9.292 20
4.694 -7.928 9.028 20
4.926 -8.55 8.739 20
5.186 -8.531 9.068 20
5.492 -8.653 9.536 20
5.386 -9.229 9.067 20
5.289 -9.841 8.792 21
5.207 -10.314 8.675 19
5.166 -10.49 8.399 21
5.178 -10.48 8.074 19
5.46 -10.451 7.862 21
5.666 -10.596 7.473 20
5.603 -10.564 6.183 20
5.603 -10.564 6.183 19
5.231 -9.845 6.007 20
4.967 -9.832 5.297 21
4.926 -9.629 5.531 19
4.677 -9.387 5.554 21
4.661 -9.344 5.357 20
4.682 -9.051 5.502 19
4.67 -8.782 5.679 20
4.452 -8.497 5.77 21
4.427 -8.103 6.053 20
4.236 -7.846 6.302 20
4.112 -7.614 6.477 19
4.136 -7.564 6.571 20
4.132 -7.543 6.666 21
4.266 -7.425 7.098 19
4.271 -7.587 6.902 20
4.375 -7.716 6.87 20
4.302 -7.644 6.752 20
4.528 -7.861 6.797 20
4.785 -8.404 6.703 21
5.091 -8.89 6.856 20
5.169 -9.43 6.598 20
5.352 -9.871 6.519 19
5.588 -10.359 6.55 20
5.828 -10.996 6.3 20
6.035 -11.45 6.125 21
6.108 -11.538 5.934 19
6.155 -11.403 6.058 30
5.821 -11.236 6.574 20
5.663 -11.233 6.43 21
5.599 -11.091 7.249 19
5.764 -11.328 7.707 20
5.896 -11.002 7.981 21
5.673 -10.479 8.555 19
5.237 -9.975 8.954 20
4.958 -9.48 8.405 30
4.618 -8.629 8.474 20
4.233 -7.743 8.278 20
4.02 -6.868 8.691 20
4.069 -6.359 8.668 20
3.385 -5.066 8.347 30
3.182 -4.317 8.874 20
2.556 -3.849 8.977 20
2.048 -3.405 7.898 20
2.113 -2.647 7.268 21
2.385 -1.631 7.127 19
2.371 -0.736 7.387 21
1.956 -0.161 7.47 29
1.763 0.164 7.969 20
1.362 0.088 7.591 20
1.456 0.158 7.952 20
1.648 0.846 8.45 21
1.492 1.13 8.775 19
1.087 1.38 8.646 20
0.895 1.768 9.107 20
0.947 1.851 9.232 20
0.802 1.956 9.45 20
0.683 1.945 9.515 20
0.809 2.148 9.941 20
1.002 2.489 10.111 20
0.834 2.507 10.13 20
0.791 2.474 10.297 21
0.457 2.393 10.462 19
0.863 2.294 10.568 21
0.547 2.269 10.691 20
0.535 2.257 11.093 20
0.383 2.145 11.252 20
0.443 2.026 11.231 19
0.615 2.058 11.005 21
-1.311 1.622 15.741 19
0.665 2.233 8.941 22
1.049 2.635 11.314 19
0.9 2.179 10.897 19
0.251 1.848 10.766 20
0.555 1.995 11.408 20
