1.076 0.996 11.27 19
0.98 1.034 11.158 20
0.771 1.065 11.195 20
0.918 1.023 10.898 20
0.918 1.026 11.056 20
1.136 1.068 11.314 20
1.237 1.124 10.793 20
0.966 1.116 10.758 21
0.955 1.195 10.826 19
1.195 1.274 10.947 21
1.181 1.191 10.934 20
0.961 1.076 10.844 19
0.88 1.095 10.785 20
0.961 1.092 10.803 21
1.06 1.111 10.928 19
1.082 0.995 10.979 20
1.049 0.89 10.983 20
1.046 0.89 10.888 20
1.069 1.011 10.869 22
1.046 1.15 10.99 18
1.108 1.075 11.094 20
0.943 0.965 11.014 20
0.849 0.947 10.94 20
0.91 0.959 10.781 20
1.004 0.948 10.526 20
1.156 1.004 10.451 20
1.277 0.866 10.38 20
1.754 0.705 10.108 20
1.835 0.555 9.795 21
1.954 0.301 9.09 19
1.73 0.113 8.531 21
1.814 -0.022 7.488 19
1.669 -0.214 6.391 20
2.313 -0.207 5.603 21
2.584 -0.465 4.773 19
2.858 -0.737 4.537 20
2.664 -1.725 4.242 21
3.071 -3.169 6.436 29
3.803 -4.107 8.311 21
3.168 -5.316 8.58 20
3.439 -6.35 7.951 19
4.016 -6.679 7.962 20
4.436 -6.864 7.476 20
4.639 -6.762 8.22 20
4.693 -7.746 8.339 20
4.871 -9.625 7.523 21
5.515 -11.117 6.94 20
5.615 -11.581 7.191 19
6.191 -11.746 7.551 20
6.49 -12.602 7.531 21
6.367 -13.857 6.793 20
6.931 -14.429 6.877 19
6.959 -14.522 6.767 20
6.895 -13.906 6.797 20
6.703 -13.351 6.519 21
6.553 -12.62 6.272 20
6.449 -11.875 5.994 19
6.407 -11.33 5.676 20
6.334 -11.042 5.172 20
5.979 -10.48 5.136 21
5.497 -9.892 5.155 20
5.127 -9.384 4.829 19
5.045 -8.784 4.825 20
5.066 -8.28 4.688 20
4.968 -7.896 4.625 21
4.817 -7.579 4.796 20
4.835 -7.498 4.79 20
4.846 -7.461 4.932 20
5.093 -7.583 4.351 19
4.907 -7.452 4.81 21
4.973 -7.351 4.98 20
5.229 -7.472 5.227 20
5.336 -8.065 5.298 19
5.69 -8.898 5.11 20
5.904 -9.687 4.423 20
5.785 -9.867 4.319 21
5.833 -9.832 4.493 20
5.979 -10.326 4.617 19
6.385 -11.045 4.439 20
7.08 -11.705 4.299 21
7.1 -12.419 4.604 20
7.06 -12.578 4.452 19
6.957 -12.37 4.993 21
6.807 -12.302 5.261 19
6.648 -12.07 5.362 20
6.704 -11.597 5.713 21
6.695 -11.328 6.332 20
6.482 -11.201 6.491 19
6.199 -11.134 6.807 20
6.288 -10.775 7.6 21
6.439 -10.471 8.178 19
6.252 -10.067 8.685 20
6.199 -9.827 8.691 21
5.483 -9.339 7.626 19
4.715 -8.305 7.365 20
4.267 -6.934 6.073 21
4.124 -5.384 6.17 20
3.723 -4.3 6.527 19
3.366 -3.677 5.542 20
2.798 -3.033 5.821 21
2.845 -2.554 6.876 20
2.391 -2.514 6.665 19
2.177 -2.072 6.047 21
2.468 -1.252 6.122 19
2.63 -0.456 6.246 21
2.657 0.256 6.638 20
2.242 0.51 6.412 20
1.941 0.473 6.174 20
1.719 0.524 5.81 19
1.696 0.769 5.812 21
1.92 0.791 6.479 20
1.986 0.58 6.362 19
1.995 0.411 6.429 20
1.912 0.019 5.858 20
1.85 -0.251 5.133 20
2.191 -0.438 5.076 21
2.902 -0.724 6.08 20
2.962 -1.653 6.861 19
2.926 -3.155 7.037 20
2.402 -4.634 6.307 21
2.743 -5.007 5.846 20
3.921 -4.471 7.272 20
5.543 -4.484 9.679 19
5.534 -5.973 9.661 20
4.465 -7.933 9.296 20
3.87 -8.925 8.339 21
4.726 -8.535 7.552 19
6.46 -7.284 8.332 21
7.462 -6.9 10.172 19
6.638 -8.201 9.762 21
5.087 -10.055 7.871 20
4.313 -10.673 6.981 20
6.441 -9.291 7.344 30
6.272 -9.266 7.031 19
6.001 -9.968 6.2 20
5.707 -10.654 5.749 20
6.152 -11.084 5.787 21
6.537 -11.092 6.312 20
6.46 -11.258 6.286 19
6.102 -11.473 6.046 21
5.961 -11.377 5.491 20
6.12 -10.995 5.419 19
6.131 -10.564 5.409 21
5.93 -10.274 5.013 20
5.926 -9.996 4.742 19
5.896 -9.513 4.538 20
5.609 -8.88 4.458 20
5.443 -8.54 3.991 21
5.047 -8.117 3.875 20
5.081 -7.756 3.833 19
5.313 -7.58 3.693 20
5.088 -7.513 3.4 20
4.684 -7.432 3.515 21
4.645 -7.254 3.335 19
4.733 -6.963 4.083 20
4.79 -7.017 4.187 21
4.92 -7.387 4.369 19
5.004 -7.709 4.501 21
4.946 -7.979 4.556 19
5.093 -8.2 4.764 21
5.154 -8.466 4.688 19
5.265 -8.793 4.746 20
5.384 -8.96 4.633 21
5.542 -9.127 4.902 19
5.732 -9.608 4.928 20
5.822 -10.176 4.685 20
5.833 -10.439 4.756 20
5.898 -10.697 4.863 21
5.964 -10.893 5.019 19
6.267 -11.308 5.278 20
6.612 -11.68 5.107 20
6.979 -11.785 5.443 20
7.117 -11.735 5.752 21
7.096 -11.921 6.011 24
7.096 -11.921 6.011 15
7.108 -11.69 6.494 30
6.527 -11.106 7.194 31
6.203 -10.938 7.666 19
6.089 -10.493 7.483 20
6.15 -9.702 8.0 20
5.801 -9.053 7.767 20
5.284 -8.381 7.847 20
4.836 -7.535 8.78 20
4.451 -7.156 8.152 20
4.315 -6.353 7.527 20
4.109 -5.033 7.62 21
3.369 -3.943 7.167 19
2.756 -2.858 6.262 20
2.336 -1.718 6.071 20
2.224 -0.76 5.448 20
2.463 -0.077 5.368 20
2.086 0.197 4.696 20
1.445 0.288 4.603 20
1.187 0.39 4.485 20
1.439 0.523 4.927 20
1.848 0.593 5.112 20
2.09 0.499 5.054 21
2.019 0.318 4.902 19
2.045 0.261 5.217 21
1.973 0.156 5.496 19
2.153 -0.172 6.331 20
2.344 -1.098 7.428 21
2.511 -2.351 7.435 19
2.826 -3.244 7.204 22
2.871 -3.303 7.429 18
3.22 -3.12 8.618 20
3.172 -3.657 8.648 21
3.09 -4.672 8.678 20
2.947 -5.715 7.986 19
3.024 -6.143 7.325 20
4.214 -5.774 7.969 20
5.083 -6.096 9.081 21
4.624 -7.121 9.747 19
4.306 -8.82 8.82 20
4.409 -9.953 7.889 20
4.405 -9.58 7.862 20
5.496 -9.06 7.835 21
6.171 -9.302 7.325 19
5.92 -10.225 6.84 20
5.891 -11.587 6.201 20
6.199 -12.529 6.442 20
6.47 -12.797 6.975 21
6.296 -12.91 7.078 19
6.485 -12.975 7.112 20
6.423 -12.718 6.623 20
6.346 -12.27 6.61 20
6.338 -11.797 6.321 21
6.021 -11.311 5.944 19
5.666 -10.741 5.607 20
5.343 -10.099 5.495 21
5.175 -9.61 5.128 19
4.914 -8.55 4.845 31
5.025 -7.965 5.066 19
5.07 -7.594 5.322 21
4.819 -7.678 5.081 20
4.673 -7.697 5.23 19
4.539 -7.507 5.394 20
4.361 -7.29 5.734 20
4.382 -7.325 5.775 21
4.64 -7.508 5.769 19
4.809 -7.85 5.642 20
4.748 -8.182 5.495 20
4.903 -8.519 5.485 20
5.06 -8.994 5.331 21
5.292 -9.456 5.096 19
5.471 -9.775 5.173 21
5.823 -10.148 5.603 19
5.932 -10.983 5.215 21
5.78 -11.549 5.144 20
5.883 -11.811 5.114 19
6.028 -11.898 5.78 20
6.052 -12.26 6.183 20
6.388 -12.816 6.142 20
6.684 -13.078 6.397 22
6.68 -12.845 6.491 19
6.728 -12.345 6.712 19
6.743 -11.76 7.127 20
6.813 -11.231 6.968 20
6.273 -10.666 6.988 20
5.703 -10.314 6.918 20
5.817 -9.889 7.15 20
5.823 -9.18 7.581 20
5.423 -8.716 6.585 20
4.46 -7.062 7.21 22
4.242 -6.462 7.212 28
3.83 -5.883 6.159 20
3.579 -4.942 6.121 20
3.499 -3.897 6.765 20
3.248 -3.084 7.381 21
2.884 -2.475 6.381 20
2.654 -1.611 6.272 19
2.218 -1.555 6.34 21
2.151 -1.033 7.056 19
2.106 -0.629 7.577 21
2.253 -0.384 8.51 19
1.938 -0.571 8.577 21
1.58 -0.623 8.508 20
1.47 -0.492 8.853 19
1.648 -0.113 9.222 20
1.639 0.178 9.674 20
1.543 0.352 9.93 21
1.871 0.468 9.892 19
1.555 0.631 10.357 31
1.331 0.632 10.587 20
1.167 0.396 10.771 19
1.066 0.468 10.832 20
1.089 0.601 10.966 21
1.235 0.568 10.982 20
1.113 0.487 10.962 19
0.762 0.373 10.902 21
0.722 0.283 11.069 19
1.241 0.277 11.005 20
1.355 0.329 11.056 22
1.157 0.468 11.003 19
0.959 0.579 11.109 19
1.484 0.801 6.698 21
1.419 1.251 10.939 21
1.548 0.95 10.759 18
1.566 0.732 10.994 21
1.475 0.379 11.419 19
1.387 0.259 11.378 24
0.193 -0.002 10.843 16
0.093 0.328 11.127 20
0.682 0.619 11.144 21
1.214 0.702 10.885 19
1.458 0.708 10.933 20
1.068 0.566 10.831 21
0.481 0.543 10.76 20
0.968 0.595 11.07 20
1.123 0.583 11.122 20
1.06 0.593 11.118 19
0.901 0.538 11.024 20
0.877 0.564 11.094 21
1.005 0.67 11.06 20
1.035 0.665 11.018 19
1.142 0.637 11.07 20
1.274 0.607 11.094 20
1.147 0.555 10.911 20
1.031 0.627 10.96 20
1.095 0.638 10.882 20
1.25 0.857 10.902 20
1.136 0.767 10.99 20
1.177 0.688 10.952 21
1.096 0.637 10.805 20
1.093 0.684 11.0 19
1.108 0.607 11.193 20
1.177 0.479 11.239 20
1.223 0.217 8.308 21
1.307 1.055 12.848 20
1.167 0.69 11.17 19
1.36 0.661 10.932 20
1.083 0.525 10.368 20
0.99 0.556 11.478 20
1.143 0.546 11.184 21
