0.974 1.289 11.175 20
0.716 1.259 11.082 20
0.637 1.349 10.848 20
0.85 1.537 11.031 20
1.009 1.362 11.156 30
0.802 1.385 11.109 21
0.799 1.539 11.172 19
0.859 1.589 11.0 21
0.87 1.565 10.886 20
0.868 1.542 10.856 19
0.728 1.577 10.856 21
0.747 1.614 10.732 19
0.758 1.687 10.667 21
0.682 1.738 10.539 20
0.704 1.881 10.529 19
0.82 1.966 10.559 20
0.912 1.967 10.712 20
0.853 1.919 11.043 21
0.845 1.71 11.103 20
0.828 1.542 11.038 19
0.762 1.719 10.839 20
0.823 1.858 10.681 20
1.163 1.99 10.493 21
1.232 2.199 10.31 20
1.369 2.254 10.643 19
1.45 1.997 10.733 20
1.344 1.304 11.036 20
1.129 0.907 10.757 21
1.302 0.972 10.73 19
1.41 1.162 10.829 21
1.181 1.349 10.577 20
0.884 1.371 10.558 19
0.602 1.28 10.089 21
0.259 1.05 9.477 20
0.534 0.837 8.704 19
1.001 0.796 7.864 20
1.324 0.853 7.224 20
1.548 0.908 6.7 21
1.513 0.623 6.707 20
1.622 -0.726 5.919 19
1.102 -1.61 5.269 21
1.803 -1.986 4.716 19
3.543 -1.735 6.752 21
4.4 -1.296 12.014 19
2.041 -3.92 12.354 20
-0.905 -8.093 11.182 20
-1.094 -8.367 7.989 20
0.796 -7.626 7.416 21
3.467 -5.67 7.177 19
5.578 -5.348 5.95 20
5.126 -6.114 5.264 20
4.854 -7.837 3.782 20
4.955 -9.289 3.648 21
4.805 -10.413 4.317 19
4.921 -11.157 5.785 20
4.863 -12.182 5.924 21
6.298 -12.755 6.223 19
6.945 -14.025 6.102 21
7.485 -14.67 6.501 30
7.846 -14.944 7.143 20
7.474 -14.691 7.749 19
7.217 -14.885 7.977 20
6.878 -14.517 7.716 20
6.828 -13.853 6.976 20
6.422 -12.886 6.27 21
5.625 -11.782 5.455 19
4.946 -10.694 4.9 20
4.56 -9.951 4.532 20
5.031 -9.303 3.507 20
4.647 -8.663 3.762 21
4.636 -8.434 3.483 20
4.992 -8.204 3.612 20
5.137 -8.176 3.497 19
4.863 -7.983 3.89 20
4.508 -7.862 3.679 21
4.208 -7.635 3.79 20
4.228 -7.428 3.978 19
4.554 -7.297 4.154 20
4.545 -7.309 4.16 20
4.762 -7.538 3.828 21
4.611 -7.618 4.067 19
4.345 -7.861 3.978 21
4.434 -8.177 4.461 19
4.859 -8.739 4.813 20
5.516 -9.625 4.697 31
6.019 -10.594 4.109 20
6.165 -11.007 3.876 20
6.182 -11.292 4.29 19
6.224 -11.778 4.214 20
6.65 -12.318 4.4 21
6.763 -12.867 3.796 19
7.006 -12.929 4.118 21
7.116 -12.958 4.277 19
7.605 -12.925 5.045 20
7.899 -13.009 5.204 20
7.726 -13.015 5.142 20
7.591 -12.546 4.981 21
6.951 -11.175 5.634 20
6.49 -10.708 5.445 19
6.495 -9.902 5.71 21
6.245 -9.148 6.471 19
5.646 -8.544 5.645 21
4.865 -7.704 5.72 19
4.689 -6.821 6.059 20
4.64 -5.904 6.898 20
4.264 -5.433 7.23 20
4.023 -5.134 6.249 21
3.602 -4.422 6.444 20
3.275 -3.602 6.81 19
2.748 -3.0 6.861 20
2.493 -2.476 6.914 20
2.26 -2.112 7.046 21
2.044 -1.79 7.049 19
1.995 -1.433 7.055 20
2.058 -1.08 7.692 20
2.094 -0.886 8.511 20
2.127 -0.972 8.789 21
1.789 -0.809 8.783 20
1.651 -0.638 8.751 19
1.916 -0.399 8.863 20
2.58 0.12 10.038 20
2.24 0.031 10.054 21
1.66 -0.468 10.105 19
0.989 -0.774 9.686 20
1.332 -0.415 9.698 20
1.342 -0.029 10.545 20
1.338 -0.138 10.274 21
1.466 -0.385 10.257 20
1.809 -0.614 10.285 19
1.857 -0.686 10.617 20
1.504 -0.712 10.593 20
0.585 -0.337 14.135 21
1.465 -0.675 10.123 19
1.665 -0.718 10.449 20
2.064 -0.811 10.752 20
1.353 -1.238 9.759 20
1.183 -1.207 9.769 21
1.747 -1.106 9.231 20
1.975 -1.105 8.44 19
2.446 -1.302 9.216 21
2.937 -2.111 8.304 19
3.341 -2.911 8.022 21
3.008 -3.372 7.28 19
2.961 -3.227 6.673 20
2.95 -2.847 5.914 21
2.899 -2.69 4.942 20
3.199 -2.763 4.611 20
3.888 -3.309 5.709 19
3.86 -4.475 6.118 20
3.24 -5.623 7.072 21
2.571 -6.298 7.589 19
3.33 -6.977 6.872 21
4.132 -7.34 6.764 19
4.631 -7.643 6.928 20
5.113 -8.195 8.359 20
5.556 -9.395 10.182 20
5.507 -12.306 8.454 21
6.005 -11.958 8.386 19
6.865 -11.413 8.495 20
7.036 -11.425 8.071 21
6.613 -11.878 7.035 19
6.3 -12.124 6.721 21
6.039 -11.888 6.496 19
6.07 -11.494 6.054 20
6.055 -10.995 5.793 21
5.86 -10.504 5.491 19
5.752 -10.056 5.043 21
5.795 -9.696 4.706 19
5.627 -9.308 4.746 20
5.33 -8.903 4.663 21
4.92 -8.462 4.693 19
4.854 -8.174 4.629 21
4.881 -7.892 4.805 19
4.954 -7.629 4.909 20
4.883 -7.485 4.87 21
4.526 -7.407 4.974 19
4.114 -7.563 5.161 21
4.312 -7.714 5.38 20
4.5 -8.019 5.479 20
4.933 -8.325 5.751 19
5.13 -8.672 5.482 20
5.252 -8.841 5.597 21
5.366 -9.18 5.613 20
5.555 -9.593 5.176 19
5.524 -9.976 4.94 20
5.779 -10.242 4.939 21
6.26 -10.372 5.151 19
6.459 -10.742 5.059 20
6.297 -10.946 4.958 20
6.061 -10.941 5.047 21
5.779 -11.164 5.3 19
5.756 -11.31 5.645 20
5.768 -11.419 6.073 20
5.74 -11.591 6.343 20
5.81 -11.711 6.597 20
6.095 -11.703 6.838 20
6.115 -11.401 7.199 20
6.034 -11.098 7.91 21
5.738 -11.059 7.85 19
5.525 -10.878 8.024 20
5.291 -10.496 7.852 20
5.23 -9.771 7.747 20
5.064 -8.739 8.107 20
4.551 -7.967 7.232 20
4.349 -6.897 6.737 20
4.362 -5.821 7.138 20
3.883 -5.175 6.06 20
3.142 -4.261 5.567 20
2.823 -3.339 4.934 20
2.907 -2.296 5.362 20
2.957 -1.519 6.248 20
2.844 -1.383 6.312 20
2.495 -1.458 6.145 20
2.46 -1.252 6.246 20
2.674 -0.783 7.606 20
2.547 -0.511 8.119 20
1.936 -0.42 8.175 20
1.712 -0.317 8.199 21
1.908 0.031 8.158 19
2.168 0.458 8.416 20
2.344 0.516 8.762 20
2.262 0.215 8.394 21
2.205 -0.061 8.484 20
2.087 -0.312 8.535 19
1.925 -0.559 8.043 20
2.013 -0.738 7.314 20
2.198 -1.053 6.544 20
2.527 -1.331 6.359 21
2.95 -1.765 6.688 19
3.156 -2.611 6.312 20
3.095 -3.547 5.794 20
3.403 -4.325 5.464 21
4.182 -4.773 6.446 20
4.675 -5.102 8.886 19
3.497 -6.631 8.574 20
3.248 -8.285 7.64 20
3.836 -9.273 6.709 21
4.926 -8.708 6.604 19
6.03 -7.99 7.78 20
6.279 -7.971 8.738 21
5.498 -9.576 7.702 19
5.648 -11.298 6.68 21
6.034 -11.595 6.806 19
6.095 -11.11 7.289 20
6.073 -11.012 7.436 20
6.137 -11.564 6.973 20
6.29 -12.34 6.503 21
6.439 -12.69 6.33 19
6.606 -12.494 6.4 20
6.381 -11.922 6.308 20
5.788 -11.435 6.052 20
5.598 -11.025 6.028 21
5.549 -10.688 5.712 20
5.366 -10.223 5.727 19
5.174 -9.838 5.757 20
4.78 -9.401 5.761 20
4.608 -9.042 5.854 21
4.451 -8.584 5.965 20
4.376 -8.212 6.149 20
4.394 -7.878 6.347 20
4.301 -7.744 6.228 19
4.318 -7.702 6.177 21
4.29 -7.711 6.011 20
4.351 -7.698 6.015 20
4.355 -7.858 5.942 20
4.385 -8.042 5.92 19
4.72 -8.208 6.443 21
5.113 -8.969 6.216 20
5.525 -9.788 5.877 19
5.536 -10.335 5.639 21
5.556 -10.632 5.849 19
5.863 -11.185 5.993 21
6.425 -11.658 6.331 19
6.928 -12.608 6.152 20
7.283 -13.452 6.171 21
7.098 -13.592 6.149 19
6.861 -13.583 6.555 21
6.685 -13.677 6.674 19
6.503 -13.6 6.115 21
6.313 -12.897 5.755 20
6.31 -11.809 6.435 19
6.692 -11.184 6.332 21
6.338 -10.462 5.903 20
5.601 -9.649 6.116 19
4.969 -8.88 5.798 21
4.332 -8.048 5.672 21
3.858 -7.162 5.496 19
3.314 -6.216 5.876 20
3.09 -5.401 6.118 19
2.696 -4.561 5.8 20
2.246 -3.733 5.134 20
2.203 -2.827 5.439 20
2.428 -1.95 6.58 21
2.349 -1.305 7.761 19
1.853 -0.966 7.167 20
1.905 -0.816 7.237 20
1.768 -0.655 7.399 20
2.101 -0.422 8.307 20
2.118 -0.171 8.891 20
1.755 -0.057 9.092 20
1.605 -0.049 9.107 20
1.733 -0.119 9.123 20
1.732 -0.005 9.551 20
1.848 0.067 10.48 20
1.44 -0.137 10.788 20
1.092 0.05 10.741 23
1.284 0.209 10.807 28
1.093 0.382 10.989 19
1.081 0.269 11.115 21
1.059 -0.085 11.05 20
1.181 -0.079 11.187 20
1.124 -0.037 11.266 19
0.949 0.031 11.257 20
0.942 0.199 11.151 21
1.149 0.323 11.257 20
1.178 0.354 11.093 19
-0.337 -0.086 14.628 20
1.323 0.461 8.951 21
1.538 0.796 11.318 20
1.413 0.609 11.418 19
1.147 0.08 10.947 20
1.268 0.089 11.178 21
1.098 0.174 11.272 19
