0.968 0.725 11.067 20
0.961 0.803 11.201 20
0.811 0.821 11.218 20
0.849 0.84 11.221 20
0.609 0.57 10.987 31
0.475 0.73 10.89 19
0.681 0.868 10.89 21
0.525 0.797 11.251 19
1.035 0.628 10.503 20
0.572 0.661 11.108 21
0.912 0.658 10.99 19
1.026 0.838 11.182 20
0.835 0.649 11.06 20
0.78 0.726 11.068 20
0.822 0.827 11.002 21
0.762 0.723 11.005 19
0.843 0.662 10.988 20
0.609 0.627 11.28 20
0.604 0.54 11.073 20
0.496 0.518 11.202 20
0.621 0.55 11.258 20
0.829 0.662 11.231 20
0.629 0.704 11.23 20
-0.411 0.489 12.371 21
1.195 0.908 10.141 19
0.944 0.95 11.123 20
1.276 0.713 11.078 20
1.041 0.237 10.884 20
0.566 0.262 11.243 20
0.667 0.488 10.975 20
0.955 0.496 10.615 20
1.003 0.641 10.56 20
0.592 0.601 9.57 20
1.053 1.022 10.009 20
1.192 0.862 9.693 20
1.295 0.657 9.363 20
1.192 0.583 9.212 20
0.94 0.431 9.233 21
0.617 0.056 9.261 19
0.513 -0.249 9.388 22
0.9 -0.736 9.193 18
1.35 -1.06 9.087 20
1.56 -1.269 8.486 21
1.883 -1.438 7.561 19
2.098 -1.42 7.876 21
2.135 -1.548 8.737 19
2.15 -2.216 8.246 20
1.702 -2.959 9.296 20
1.614 -3.757 9.147 20
1.432 -4.485 8.328 20
1.917 -4.548 7.664 20
2.301 -4.6 7.417 20
2.547 -4.691 7.064 20
3.547 -4.667 7.346 20
3.695 -5.569 8.054 20
3.584 -5.459 9.656 20
3.2 -6.515 10.247 20
3.434 -8.455 9.345 20
4.126 -9.83 8.813 20
4.646 -10.3 9.382 20
5.592 -10.032 9.85 20
5.742 -10.514 9.718 20
5.973 -11.237 9.811 20
6.429 -12.034 9.648 20
6.278 -11.818 9.79 20
5.853 -11.365 9.661 20
5.671 -10.863 9.0 20
5.38 -10.344 8.116 20
5.325 -9.926 7.321 20
5.138 -9.341 6.817 20
4.851 -8.678 6.533 20
4.658 -7.989 6.599 20
4.454 -7.544 6.758 20
4.54 -7.262 6.562 20
4.506 -6.943 6.85 20
4.471 -6.732 6.84 20
4.654 -6.618 6.888 20
4.769 -6.758 6.636 20
4.684 -6.7 6.285 21
4.489 -6.423 6.139 19
4.664 -6.249 6.138 20
5.016 -6.264 6.392 20
5.302 -6.421 6.792 20
5.423 -7.174 6.856 21
5.733 -8.102 6.646 20
5.643 -8.544 6.464 19
5.453 -8.277 6.637 21
5.212 -8.222 6.907 20
5.252 -8.46 7.246 19
5.586 -9.079 7.246 21
5.88 -9.484 7.399 19
5.757 -9.629 7.732 21
5.61 -9.754 7.983 19
5.211 -9.721 8.467 20
5.174 -9.891 8.79 21
5.116 -10.138 9.265 19
5.119 -10.237 9.568 20
5.219 -10.277 9.851 21
5.392 -10.184 10.395 20
5.357 -10.165 10.568 20
5.083 -9.934 10.93 20
4.873 -9.687 10.59 19
4.76 -9.075 10.654 20
4.738 -8.358 11.024 20
4.812 -8.02 10.279 21
4.694 -7.103 10.406 19
4.318 -6.265 9.338 20
3.791 -5.295 8.411 21
3.544 -4.166 7.594 19
3.329 -3.1 7.388 23
3.29 -2.246 6.95 17
3.125 -1.827 7.344 20
2.862 -1.775 6.339 20
2.496 -1.605 6.45 20
2.505 -1.389 5.849 21
2.611 -0.938 5.944 19
2.634 -0.487 5.903 20
2.35 -0.182 5.653 20
2.262 -0.081 5.609 21
2.27 -0.144 5.767 20
2.222 -0.286 5.921 19
2.254 -0.56 6.242 20
2.294 -0.626 6.571 20
2.442 -0.439 7.328 20
2.391 -0.552 7.824 21
2.381 -0.667 8.262 19
2.585 -0.866 8.659 20
2.587 -1.367 9.109 21
2.536 -1.784 9.22 19
2.511 -2.145 9.177 21
2.6 -2.451 8.897 19
2.853 -2.591 8.874 20
3.068 -2.664 9.413 21
3.501 -3.307 9.81 19
3.679 -4.204 10.123 21
3.822 -5.042 10.085 19
3.76 -5.479 10.023 20
3.942 -5.708 9.633 21
4.02 -5.737 9.566 19
4.115 -5.629 10.564 21
4.234 -6.63 10.873 19
4.334 -7.856 11.241 20
4.563 -9.09 10.582 20
4.726 -9.219 10.424 20
4.919 -8.544 10.208 21
4.776 -8.241 9.647 19
4.509 -8.261 8.875 21
4.237 -8.462 8.313 20
4.473 -8.623 8.004 19
4.575 -8.776 7.818 21
4.636 -8.843 7.721 20
4.555 -8.92 7.321 19
4.556 -9.101 6.974 20
4.54 -8.907 6.935 20
4.6 -8.889 6.853 21
4.684 -9.008 6.739 20
5.023 -8.956 6.765 19
5.275 -8.782 6.955 21
5.128 -8.54 6.902 19
5.037 -8.053 7.114 21
4.834 -7.641 7.27 20
4.802 -7.361 7.321 19
4.581 -7.12 7.55 20
4.227 -7.072 7.474 21
3.998 -6.896 7.358 20
3.972 -6.54 7.562 19
3.923 -6.333 7.587 20
3.814 -6.286 7.667 21
3.929 -6.533 7.62 20
4.271 -7.042 7.519 20
4.712 -7.276 7.571 19
4.906 -7.423 7.597 20
4.956 -7.346 7.98 20
4.975 -7.732 8.004 20
4.92 -8.384 8.029 21
4.943 -8.916 7.852 19
4.969 -9.192 7.926 21
5.097 -9.286 7.916 20
5.355 -9.393 8.181 20
5.594 -9.729 8.26 20
5.72 -9.999 8.564 19
5.73 -10.488 8.614 20
5.625 -10.735 8.576 20
5.627 -10.542 8.575 21
5.568 -10.296 8.693 20
5.429 -10.158 8.747 19
5.422 -10.075 8.71 20
5.213 -9.427 8.669 21
5.015 -8.828 8.98 20
4.843 -8.45 9.036 20
4.743 -7.842 9.011 19
4.453 -7.15 8.984 20
4.246 -6.503 8.461 20
4.241 -5.618 8.861 21
4.15 -5.131 8.45 20
3.839 -4.406 8.225 19
3.466 -3.742 7.943 20
3.32 -3.155 7.685 22
3.276 -2.476 7.067 19
3.151 -1.828 7.036 19
2.912 -1.211 7.037 20
2.733 -0.825 6.637 20
2.471 -0.488 6.556 20
2.472 -0.429 6.431 21
2.399 -0.356 6.382 20
2.45 -0.136 6.405 19
2.584 0.1 7.041 20
2.482 -0.172 6.725 20
2.125 -0.3 6.652 21
2.293 -0.216 6.848 20
2.545 -0.293 6.944 19
2.644 -0.399 7.053 20
2.835 -0.574 7.484 20
2.761 -1.162 7.654 20
2.614 -1.913 7.594 20
2.629 -2.444 7.48 20
2.763 -2.569 7.446 20
2.917 -2.6 8.212 20
2.941 -3.15 8.608 21
2.847 -3.835 9.366 19
3.69 -5.021 9.408 20
3.749 -5.97 9.241 20
3.6 -6.17 9.388 20
4.042 -6.083 9.747 21
4.472 -6.199 10.479 19
4.199 -6.941 10.605 20
4.363 -7.858 10.089 20
4.833 -8.685 9.752 20
4.786 -8.822 9.401 21
4.837 -8.569 9.231 19
5.139 -8.372 9.018 20
5.178 -8.632 8.75 20
4.863 -9.254 8.446 20
5.113 -10.063 8.052 21
5.422 -10.691 7.887 19
5.054 -10.597 7.992 20
5.119 -10.211 8.165 20
5.206 -9.966 8.078 20
5.195 -9.999 7.614 21
5.272 -9.74 7.123 19
5.007 -9.411 6.779 20
4.867 -9.074 6.483 20
4.398 -8.68 6.358 20
4.386 -8.461 6.302 20
4.402 -8.134 6.381 20
4.566 -7.993 6.429 20
4.502 -7.82 6.258 20
4.266 -7.461 6.189 21
4.172 -7.163 6.18 20
4.314 -6.892 6.339 20
4.311 -6.91 6.439 20
4.372 -6.947 6.471 19
4.587 -6.91 6.528 20
4.806 -6.872 6.629 20
4.83 -7.08 6.673 21
4.815 -7.523 6.606 19
4.985 -7.998 6.351 21
5.326 -8.243 6.422 20
5.732 -8.386 6.374 20
5.895 -8.399 6.314 20
5.703 -8.443 6.459 20
5.519 -8.81 6.067 19
5.684 -9.315 6.732 20
5.742 -9.754 6.903 21
5.833 -10.208 7.018 20
5.813 -10.345 7.418 19
5.613 -10.245 7.739 20
5.407 -10.087 7.798 21
5.619 -9.853 8.296 19
5.603 -9.867 8.957 21
5.495 -10.328 8.919 19
5.31 -10.562 8.877 20
5.168 -10.329 8.758 20
4.962 -9.8 8.889 20
4.824 -9.286 9.011 21
4.688 -8.697 8.743 19
4.623 -8.113 9.036 20
4.088 -7.66 8.796 20
3.923 -7.362 8.626 21
3.996 -6.888 8.684 20
3.848 -6.206 8.681 19
3.483 -5.69 8.123 20
3.044 -4.761 8.223 20
2.802 -3.864 8.298 20
2.724 -3.023 7.753 21
2.682 -2.319 7.377 19
2.711 -1.53 7.183 20
2.573 -0.936 7.483 21
2.27 -0.471 8.132 19
1.922 0.138 8.019 21
1.929 0.147 7.846 19
1.999 0.492 8.11 20
1.838 0.82 8.341 20
1.717 1.07 8.989 21
1.411 1.342 9.251 20
1.422 1.064 9.165 19
1.359 0.984 9.061 20
1.192 1.101 9.253 20
1.069 1.328 9.62 21
1.064 1.569 10.078 20
0.984 1.671 10.124 19
1.119 1.611 10.283 20
1.363 1.801 10.194 20
1.416 1.813 10.181 20
1.391 1.852 10.532 21
1.094 1.645 10.659 19
0.858 1.447 10.499 20
0.967 1.416 10.847 20
1.051 1.41 11.003 20
1.155 1.465 11.12 21
1.156 1.541 11.099 19
-0.002 1.452 14.255 21
1.171 1.842 9.41 19
1.22 1.91 11.366 20
1.124 1.572 11.187 21
1.354 1.413 10.953 19
1.035 1.456 11.426 21
0.827 1.554 11.133 19
