7.907 -2.246 5.545 21
8.05 -2.616 5.803 20
8.167 -2.636 5.403 24
8.029 -3.171 6.401 20
8.61 -2.651 6.521 15
8.466 -2.905 6.039 26
8.474 -2.175 5.44 34
8.459 -1.82 6.086 20
8.657 -1.886 6.382 20
8.501 -2.35 5.857 21
8.384 -2.617 5.552 20
8.56 -2.287 5.901 19
8.484 -2.442 5.18 20
8.452 -2.671 5.598 20
8.517 -2.735 7.005 21
8.553 -1.948 7.515 20
8.49 -2.189 5.962 19
8.273 -3.089 4.956 20
8.544 -3.754 5.083 20
8.31 -3.903 4.899 21
8.169 -3.223 6.145 20
8.058 -3.481 5.605 19
8.337 -3.452 6.259 20
8.662 -3.642 5.484 20
8.684 -3.679 4.742 21
8.611 -3.915 4.74 20
8.631 -3.347 4.976 19
8.723 -3.427 5.475 21
9.016 -3.282 6.253 30
8.832 -2.725 5.658 19
8.634 -2.166 5.167 20
8.823 -1.129 5.025 21
9.166 -0.989 5.91 20
9.153 -1.951 5.872 19
9.35 -1.723 5.486 20
9.297 -1.712 5.345 20
9.381 -0.54 5.51 21
9.085 -0.331 5.405 20
9.319 -1.032 5.093 19
9.39 -1.044 4.744 20
9.128 -0.702 4.675 20
9.583 0.15 5.033 21
9.147 0.821 5.852 20
9.18 0.861 5.542 19
9.134 0.57 4.518 20
9.19 0.431 3.806 20
9.04 1.389 4.855 21
8.898 1.84 5.279 20
8.716 1.769 5.021 19
8.895 1.804 4.546 20
8.628 2.127 4.299 20
8.45 2.304 4.405 20
8.443 2.799 4.579 21
8.363 3.29 4.906 20
8.581 3.045 3.861 19
8.646 2.996 3.375 20
8.357 3.089 3.636 20
8.556 3.784 3.253 21
8.186 4.508 4.364 19
8.219 4.554 3.955 20
8.255 3.955 3.193 20
8.096 4.293 3.319 20
7.866 4.593 3.384 20
7.77 4.922 3.301 20
7.606 5.334 3.687 20
7.61 5.247 3.272 20
7.292 4.955 2.664 21
7.375 5.292 2.779 20
7.231 5.75 2.777 19
7.041 6.362 2.834 20
6.683 6.636 2.852 20
6.88 6.806 2.62 21
6.467 6.228 2.118 20
6.581 6.385 2.501 19
6.332 6.61 2.583 21
6.246 7.238 2.584 19
6.138 7.746 2.022 21
6.315 7.549 1.925 20
5.794 7.145 1.545 19
5.734 7.744 2.098 20
5.679 7.75 1.932 20
5.295 7.841 1.66 21
5.579 8.153 1.852 19
5.204 7.977 1.488 20
4.847 7.414 1.112 21
5.158 8.008 1.223 19
4.664 8.359 1.894 21
4.61 8.614 1.34 19
4.326 8.473 1.237 20
4.163 8.389 1.057 20
3.966 8.26 0.347 20
3.73 8.713 1.26 21
3.376 8.998 1.602 20
3.542 9.212 0.821 19
3.296 8.873 0.015 20
3.011 8.608 0.501 20
2.537 8.616 1.371 21
2.459 8.655 1.381 19
2.045 8.678 1.338 20
2.234 9.174 0.688 21
1.886 8.907 0.234 19
1.817 9.23 0.882 23
1.567 9.166 0.607 18
1.205 9.139 0.334 19
1.353 9.893 1.161 21
1.153 9.735 0.099 19
0.938 9.059 -0.143 21
0.837 9.125 0.229 20
0.481 9.189 0.368 19
0.355 9.228 0.433 21
0.414 9.508 0.805 19
0.213 9.461 0.626 21
0.011 9.14 0.773 20
0.096 9.301 0.522 19
-0.342 9.108 0.566 20
-0.438 9.346 0.773 20
-0.487 9.851 0.822 20
-0.674 9.669 -0.146 21
-0.98 9.605 0.742 19
-0.871 10.238 0.681 20
-1.098 10.323 0.056 20
-0.857 11.369 -0.295 20
-1.141 11.364 0.741 20
