8.291 -2.773 5.243 19
8.86 -2.769 5.648 20
8.699 -2.675 5.011 21
9.131 -2.211 4.352 19
8.575 -1.906 4.975 20
8.436 -1.793 5.642 20
8.252 -1.511 5.349 20
8.446 -2.138 5.143 20
8.466 -2.566 4.499 20
8.487 -2.622 4.743 21
8.486 -2.743 4.578 19
8.546 -2.703 4.67 20
8.309 -2.624 5.064 20
8.334 -2.761 4.7 20
8.223 -2.651 5.017 21
8.677 -2.803 4.945 20
8.619 -3.032 5.361 20
8.794 -2.724 5.107 20
8.897 -3.016 5.7 19
9.302 -3.67 5.448 21
9.493 -4.06 5.612 19
9.479 -3.913 5.479 21
9.394 -3.32 5.582 20
9.229 -3.8 6.349 19
9.427 -3.553 5.562 20
9.633 -3.7 5.622 20
9.633 -3.616 5.257 20
9.151 -2.845 5.112 20
8.851 -2.869 5.399 20
8.904 -2.832 5.752 21
8.988 -2.804 5.07 19
9.266 -2.779 4.428 20
9.382 -2.442 4.925 21
9.364 -1.662 4.685 19
9.0 -1.408 5.215 21
9.297 -1.751 4.373 19
9.74 -1.714 4.221 20
9.545 -1.454 4.884 21
9.387 -0.802 5.24 19
9.38 -0.487 5.554 21
9.162 -0.726 4.764 19
9.363 -0.658 4.427 20
9.37 -0.16 4.724 21
9.263 0.389 4.952 19
8.598 1.104 5.148 21
8.95 1.106 5.276 20
9.259 0.872 4.665 19
8.915 0.738 3.859 21
9.253 2.029 4.57 19
8.008 2.403 5.058 21
8.425 2.438 4.485 20
8.671 2.542 3.933 19
8.253 2.887 3.717 21
7.75 3.172 3.393 19
8.361 4.202 4.202 21
7.543 3.924 4.718 20
7.715 3.612 3.907 19
7.643 4.03 3.342 21
7.728 4.54 3.888 19
7.57 4.982 3.992 21
7.479 5.113 3.459 19
7.466 5.132 3.614 20
7.365 4.937 3.215 21
7.388 5.271 3.017 20
7.198 6.092 3.568 21
7.198 6.092 3.568 19
7.282 5.868 3.293 19
7.252 5.88 2.686 20
7.218 6.606 4.203 20
6.722 6.587 4.452 21
6.828 6.896 3.81 19
6.919 6.914 3.111 20
6.439 6.73 2.686 22
6.114 6.847 3.133 19
6.084 7.519 3.091 19
5.944 8.364 3.204 20
5.327 8.022 2.754 20
5.415 7.661 2.797 21
5.191 7.282 2.446 19
4.388 6.841 1.789 21
4.458 7.412 2.58 19
4.427 8.363 3.111 20
3.524 8.024 1.678 22
3.65 8.152 0.852 18
3.387 8.212 1.696 21
2.507 8.232 2.068 20
2.071 8.539 2.351 19
1.868 8.816 1.547 21
1.566 8.994 0.513 19
1.325 9.159 0.051 21
1.257 9.709 1.108 19
0.681 9.509 1.971 20
0.382 9.172 1.475 21
0.19 9.386 0.896 19
-0.057 9.565 0.255 21
0.252 10.166 0.349 20
-0.025 10.027 0.477 19
-0.571 9.232 0.135 21
-0.24 9.784 0.713 19
-0.423 9.96 0.766 21
-0.348 10.232 0.761 19
-0.427 10.441 0.925 20
-0.859 10.517 0.761 21
-1.222 10.356 0.085 19
-1.07 10.363 0.3 21
-0.705 10.69 0.512 20
-0.783 10.615 1.347 19
-0.682 10.15 2.412 21
-0.793 9.569 -0.35 19
-0.125 9.534 -1.795 21
-0.423 9.944 -0.005 19
