8.586 -2.708 4.855 20
8.378 -2.803 4.808 20
8.259 -2.609 4.863 20
8.252 -2.428 5.534 20
8.466 -2.973 5.337 20
8.616 -3.081 5.307 20
8.58 -2.863 4.761 20
8.505 -2.984 4.685 20
8.545 -2.87 4.757 21
8.681 -2.47 5.528 19
8.497 -2.596 5.417 20
8.637 -2.61 5.03 20
8.492 -2.847 5.131 21
8.376 -3.023 5.134 19
8.39 -3.009 4.976 20
8.277 -3.405 5.209 20
8.359 -3.403 5.15 20
8.289 -3.232 5.281 21
8.365 -3.2 5.057 20
8.428 -3.39 5.043 20
8.462 -3.42 3.967 19
8.09 -2.708 7.511 20
8.625 -2.705 6.32 20
8.784 -3.191 6.006 21
9.222 -3.593 5.035 19
8.804 -3.847 5.126 20
8.913 -3.818 5.452 20
8.937 -3.617 5.1 20
8.871 -3.3 4.855 20
8.902 -3.077 5.125 20
9.028 -2.741 5.68 20
9.254 -2.863 5.186 21
9.062 -3.385 5.336 20
9.272 -3.676 4.842 20
9.471 -3.707 5.119 19
9.359 -3.508 5.343 20
9.283 -2.732 5.49 20
9.004 -2.696 5.351 20
9.097 -2.888 4.946 20
9.147 -3.014 4.887 20
8.884 -3.002 4.906 20
9.061 -2.26 4.654 20
9.061 -2.492 4.56 21
9.436 -2.616 4.448 19
9.346 -2.561 4.422 20
9.298 -2.515 4.671 20
9.39 -2.08 4.696 20
9.439 -1.498 3.931 20
9.46 -1.086 3.297 20
9.183 -1.325 3.982 20
9.32 -1.343 3.784 20
9.32 -1.254 3.509 20
9.554 -0.726 3.651 20
9.463 -0.197 3.964 20
9.414 0.123 3.697 20
9.348 -0.004 3.181 20
9.661 0.022 3.068 20
9.539 0.495 3.398 30
9.491 0.857 3.348 20
9.533 1.104 3.324 20
9.213 1.501 3.445 20
9.111 1.768 3.43 20
9.002 1.935 2.935 20
8.879 2.159 3.191 20
8.738 2.612 3.026 21
8.763 3.144 2.846 19
8.832 3.582 2.72 20
8.574 3.688 2.094 20
8.389 3.842 1.841 20
8.055 4.111 2.959 21
7.765 4.637 3.551 19
7.832 5.16 2.454 20
7.677 5.36 1.237 20
7.282 5.319 1.902 20
7.006 5.467 2.27 21
7.004 5.715 2.705 19
6.935 6.07 2.911 20
7.109 6.536 2.162 20
7.084 6.743 1.184 20
6.593 6.206 0.517 21
6.591 6.473 1.444 19
6.149 6.558 2.474 20
6.015 6.758 1.769 20
6.006 7.329 1.221 20
5.785 7.796 0.958 21
5.394 7.516 0.722 19
4.963 7.334 1.12 20
4.742 7.176 1.452 20
4.798 7.529 1.555 20
4.646 7.913 0.906 21
3.84 8.048 0.796 19
3.436 8.204 0.828 20
3.072 8.244 0.304 20
2.6 8.35 1.391 20
2.412 8.376 1.215 20
2.234 8.526 0.778 20
1.328 7.723 0.217 20
1.258 8.26 0.48 20
1.166 8.932 1.381 20
0.791 8.859 0.869 21
0.337 9.37 0.446 19
0.524 10.454 0.408 20
-0.14 10.366 0.161 20
-0.609 10.0 0.53 20
-1.023 9.851 0.546 21
-1.007 9.735 0.231 19
-0.755 10.104 -0.075 20
-0.9 10.629 -0.223 20
-1.147 10.752 0.553 20
-0.902 10.521 0.289 21
-0.905 10.487 0.246 20
