8.202 -2.496 5.3 19
8.097 -2.742 5.495 20
8.176 -3.129 5.786 21
8.14 -3.387 5.872 19
8.184 -3.077 5.384 21
8.174 -2.735 5.629 19
8.176 -2.244 5.88 20
8.234 -2.288 5.733 20
8.2 -2.675 5.579 20
8.156 -3.117 5.47 21
8.247 -3.423 5.327 20
8.281 -3.399 5.418 19
8.135 -3.259 6.019 20
8.27 -2.915 6.149 20
8.247 -2.811 6.021 21
8.156 -2.947 5.484 20
8.114 -3.153 5.539 19
8.266 -3.234 5.821 20
8.27 -3.235 5.952 20
8.224 -3.196 5.67 21
8.131 -3.238 5.533 19
8.144 -3.176 5.454 20
8.156 -3.118 5.744 20
8.219 -3.091 5.678 20
8.248 -3.076 5.853 21
8.24 -3.101 5.694 19
8.149 -3.074 5.936 20
8.161 -3.396 5.612 20
8.414 -3.553 3.505 20
8.041 -3.02 5.943 20
8.453 -2.724 6.635 21
8.509 -2.888 6.692 19
8.751 -3.065 6.383 20
8.698 -3.664 5.338 20
8.514 -3.724 4.602 20
8.703 -3.309 5.537 21
8.948 -3.046 6.204 20
8.883 -3.138 5.979 20
8.947 -3.42 6.14 20
9.119 -3.52 6.039 19
9.127 -3.774 5.664 24
9.243 -3.724 5.582 17
9.751 -3.42 5.654 20
9.878 -3.319 5.89 19
9.83 -3.004 6.068 20
9.614 -3.107 6.024 21
9.467 -2.81 6.058 20
9.322 -2.559 5.924 20
9.263 -2.209 5.515 19
9.219 -2.127 5.125 20
9.066 -2.155 5.034 20
9.174 -1.973 4.97 21
9.091 -1.927 5.052 20
9.042 -1.73 5.023 19
8.938 -1.58 5.059 20
8.854 -1.687 4.849 20
9.035 -1.559 4.158 21
9.095 -1.268 4.509 20
9.19 -0.869 4.769 20
9.198 -0.626 4.403 19
9.132 -0.708 4.193 20
9.235 -0.506 4.198 21
9.304 -0.441 4.146 20
9.366 -0.094 4.046 19
9.265 0.007 4.178 21
9.214 0.142 4.258 20
9.193 0.769 3.53 20
9.074 1.153 3.247 20
9.066 1.779 3.367 20
9.057 1.771 3.333 20
9.014 1.688 3.472 19
8.734 1.805 3.614 21
8.557 2.077 3.226 20
8.499 2.66 2.794 19
8.396 3.446 3.333 21
7.774 3.416 3.878 20
7.929 3.697 3.557 20
7.78 3.775 3.325 20
7.775 4.138 2.853 20
7.636 4.679 2.155 19
7.525 5.295 2.772 20
7.079 5.228 3.604 21
7.032 5.203 2.933 20
6.841 5.161 2.367 19
7.06 5.926 2.606 20
6.849 6.407 2.712 21
6.64 6.504 3.108 20
6.321 6.577 2.701 20
6.197 6.636 2.371 20
6.018 6.725 2.024 19
6.051 7.301 2.377 20
5.839 7.503 2.785 21
5.457 7.268 2.373 20
5.215 7.174 2.313 19
4.842 7.51 2.753 20
4.587 7.8 2.536 21
4.404 8.198 1.784 20
4.126 8.129 2.105 20
3.393 7.994 2.25 19
3.451 8.616 2.669 21
3.276 9.001 1.892 20
3.283 9.365 1.52 20
2.82 8.879 1.395 20
2.544 8.501 1.748 19
2.195 8.474 1.854 20
1.93 8.705 1.646 20
1.76 9.165 1.386 20
1.574 9.52 1.163 20
1.284 9.29 1.149 20
1.123 9.327 1.602 20
0.932 9.351 1.354 20
0.713 9.176 1.114 20
0.413 9.007 1.215 21
0.644 10.096 1.663 19
0.14 9.655 1.09 20
-0.052 9.445 1.033 20
-0.281 9.445 1.425 21
-0.717 10.243 0.947 20
-1.059 10.181 1.421 20
-1.306 9.869 0.73 19
-1.368 10.017 0.125 20
-1.534 10.457 -0.423 21
-1.32 10.606 1.544 20
-0.981 10.588 1.602 29
-0.949 9.823 0.791 21
-0.832 9.849 0.067 19
