0.083 9.758 3.072 21
0.082 9.754 3.258 20
-0.033 9.851 3.218 19
-0.324 10.036 3.028 20
-0.041 9.939 3.075 21
0.186 9.639 3.287 19
0.143 9.565 3.148 21
0.18 9.524 3.297 19
0.065 9.474 3.206 21
0.118 9.341 3.386 20
0.043 9.33 3.386 20
-0.05 9.239 3.235 20
-0.107 9.256 3.165 19
-0.186 9.359 3.053 21
-0.246 9.445 3.112 19
-0.267 9.566 2.894 21
-0.162 9.576 3.089 20
0.056 9.604 3.12 19
0.156 9.631 3.02 20
0.102 9.707 2.957 20
0.197 9.715 3.009 21
0.223 9.837 3.076 20
0.459 9.709 2.992 19
0.749 9.671 3.144 21
0.959 9.544 3.126 19
0.992 9.545 3.133 21
0.979 9.45 2.938 20
0.969 9.486 3.109 20
1.066 9.432 3.12 20
1.247 9.398 3.121 20
1.314 9.429 2.991 20
1.314 9.353 3.082 20
1.519 9.52 3.105 19
1.451 9.475 3.138 21
1.647 9.307 3.186 20
1.816 9.32 3.117 20
2.098 9.151 3.167 19
1.487 9.079 2.502 21
2.075 9.274 2.396 19
2.252 9.381 3.45 21
2.153 9.262 3.359 21
2.209 9.169 3.209 18
2.292 9.247 3.166 20
2.422 9.269 3.275 20
2.549 9.437 3.188 20
2.591 9.369 3.203 20
2.688 9.2 3.363 20
2.719 9.165 3.262 20
2.89 9.131 3.117 20
2.979 9.09 2.978 21
3.18 8.908 2.93 19
3.39 8.776 2.937 20
3.511 8.738 3.012 20
3.558 8.662 3.011 24
3.749 8.635 2.966 17
3.929 8.598 2.895 19
4.002 8.575 2.812 21
4.026 8.647 3.015 19
4.186 8.637 3.139 20
4.258 8.38 3.174 21
4.422 8.242 3.115 20
4.612 8.167 2.961 20
4.919 8.053 3.009 19
5.006 8.005 2.945 21
5.075 7.979 3.012 20
5.154 7.964 3.018 20
5.346 7.882 2.924 20
5.478 7.721 2.896 19
5.64 7.598 2.92 20
5.773 7.46 2.923 20
5.775 7.504 2.864 21
5.924 7.368 2.833 19
5.98 7.357 2.777 20
6.102 7.27 2.65 21
6.265 7.252 2.557 20
6.428 7.125 2.668 20
6.552 7.121 2.669 19
6.739 6.896 2.62 21
6.739 6.769 2.512 19
6.847 6.503 2.45 21
6.976 6.46 2.368 20
6.974 6.34 2.341 20
7.085 6.405 2.298 20
7.182 6.279 2.27 20
7.429 6.004 2.321 20
7.537 5.824 2.218 19
7.509 5.739 2.218 21
7.665 5.569 2.155 20
7.728 5.574 2.302 20
7.749 5.573 2.143 20
7.814 5.569 2.071 20
7.97 5.477 2.143 20
8.111 5.224 1.845 20
8.226 5.023 1.905 19
8.298 4.978 1.881 21
8.401 4.915 1.802 20
8.432 4.672 1.767 19
8.407 4.545 1.76 21
8.371 4.485 1.651 19
8.523 4.404 1.775 25
8.523 4.404 1.775 16
8.65 4.187 1.722 19
8.764 3.905 1.804 21
8.977 3.5 1.653 20
8.94 3.392 1.686 20
8.802 3.469 1.766 19
8.986 3.323 1.805 21
9.035 3.058 1.69 19
9.127 2.774 1.486 20
9.281 2.756 1.504 20
9.314 2.604 1.486 21
9.344 2.464 1.499 19
9.334 2.408 1.652 20
9.247 2.318 1.457 21
9.287 2.154 1.404 19
9.433 1.975 1.371 21
9.451 1.807 1.343 19
9.614 1.827 1.407 20
9.58 1.749 1.175 20
9.61 1.547 1.245 20
9.528 1.264 1.417 21
9.478 1.338 1.319 20
9.437 1.403 1.464 19
9.508 1.192 1.275 20
9.6 0.87 1.149 21
9.043 0.543 2.599 20
9.093 0.137 0.51 19
9.326 0.052 0.977 20
9.684 -0.209 1.487 21
9.727 -0.47 1.246 19
9.98 -0.627 1.65 20
