0.038 10.105 4.293 20
-0.196 10.243 4.187 21
-0.17 10.005 4.175 20
-0.296 9.799 4.073 20
-0.215 9.718 3.929 19
0.068 9.673 3.786 21
0.296 9.552 3.485 20
0.332 9.448 3.351 20
0.311 9.438 3.227 20
0.302 9.277 3.04 19
0.365 9.199 2.978 20
0.386 9.29 2.889 20
0.433 9.412 2.92 20
0.487 9.484 3.084 20
0.398 9.267 3.052 20
0.174 9.142 3.023 20
0.19 9.249 3.228 20
0.089 9.327 3.066 21
0.085 9.342 2.99 19
0.178 9.455 2.853 20
0.308 9.547 2.755 20
0.245 9.592 2.689 20
0.408 9.533 2.489 20
0.318 9.501 2.757 21
0.285 9.623 3.748 19
0.204 9.56 4.129 20
-0.336 9.772 3.4 20
0.04 9.793 3.483 21
0.386 9.896 3.488 20
0.568 9.97 3.204 19
0.649 9.874 3.13 21
0.593 9.826 3.023 19
0.383 9.824 2.906 21
0.591 9.815 3.1 22
0.834 9.653 3.003 17
0.989 9.515 2.87 21
1.099 9.462 2.919 19
1.141 9.516 2.942 21
1.162 9.478 2.84 20
1.369 9.329 2.929 19
1.446 9.316 2.95 20
1.548 9.328 3.005 20
1.603 9.336 3.009 21
1.557 9.342 2.948 19
1.617 9.383 2.791 21
1.668 9.307 2.718 19
1.748 9.267 2.737 20
1.901 9.363 2.888 30
2.075 9.366 2.771 21
2.25 9.285 2.693 20
2.38 9.151 2.628 20
2.509 9.16 2.732 20
2.53 9.316 2.747 20
2.692 9.321 2.83 19
2.82 9.214 2.83 21
2.998 9.031 2.787 20
3.12 8.948 2.836 19
3.192 8.95 2.826 20
3.269 8.857 2.881 21
3.279 8.834 2.687 20
3.454 8.808 2.584 20
3.695 8.769 2.519 19
3.77 8.796 2.571 21
3.902 8.861 2.713 19
3.891 8.75 2.666 21
3.987 8.56 2.638 20
4.111 8.469 2.555 20
4.251 8.382 2.519 19
4.287 8.562 2.658 20
4.476 8.526 2.785 21
4.446 8.471 2.72 20
4.489 8.364 2.72 19
4.726 8.307 2.726 20
4.81 8.356 2.647 21
4.975 8.241 2.638 20
5.249 8.089 2.663 20
5.389 7.87 2.699 20
5.389 7.761 2.442 20
5.56 7.801 2.536 19
5.815 7.705 2.621 21
5.743 7.702 2.531 20
5.882 7.691 2.621 19
5.924 7.58 2.604 20
5.958 7.631 2.476 20
6.088 7.497 2.6 21
6.259 7.335 2.628 20
6.298 7.282 2.688 19
6.346 7.169 2.477 21
6.491 7.023 2.393 20
6.722 6.797 2.442 19
6.734 6.758 2.356 21
6.838 6.764 2.258 21
6.916 6.703 2.274 19
6.944 6.613 2.204 20
7.056 6.552 2.104 20
7.138 6.504 2.08 20
7.252 6.413 2.068 19
7.429 6.243 2.239 20
7.412 6.256 2.196 20
7.278 6.223 2.102 21
7.24 6.122 2.101 20
7.403 6.042 2.22 19
7.586 6.148 2.18 21
7.853 6.001 2.203 22
8.053 5.743 2.272 18
8.02 5.558 2.125 20
7.831 5.585 1.955 19
7.969 5.623 2.144 20
8.105 5.397 2.236 20
8.228 5.192 2.107 21
8.262 4.954 2.114 20
8.27 4.841 1.814 19
8.501 4.762 1.858 21
8.594 4.659 1.839 20
8.648 4.466 1.84 20
8.851 4.21 1.83 19
8.729 4.224 1.808 22
8.654 4.148 1.739 19
8.652 3.921 1.562 19
8.614 3.804 1.636 21
8.823 3.791 1.893 20
8.76 3.788 1.616 19
8.923 3.635 1.494 20
8.897 3.615 1.36 21
8.883 3.301 1.195 20
8.933 3.04 1.233 19
9.004 3.03 1.516 20
8.959 2.99 1.278 21
9.084 2.95 1.34 19
9.194 2.93 1.221 20
9.598 2.396 1.159 21
9.647 2.234 1.112 23
9.408 2.244 1.438 16
9.301 2.305 1.336 20
9.322 2.047 1.332 21
9.311 2.052 1.384 20
9.599 1.936 1.522 19
9.681 1.862 1.523 20
9.642 1.779 1.635 21
9.072 1.51 1.253 20
9.148 1.472 0.923 20
9.371 1.33 1.356 20
9.546 1.262 1.486 20
9.739 1.001 1.844 19
9.873 0.581 1.801 21
9.849 0.045 1.619 20
