-0.368 10.036 3.424 20
-0.338 10.134 3.379 21
-0.153 10.17 3.414 20
-0.184 10.262 3.272 20
-0.323 10.189 3.283 19
-0.207 9.918 3.462 20
-0.232 9.81 3.476 20
-0.192 9.683 3.344 20
0.111 9.539 3.509 20
0.431 9.489 3.361 20
0.522 9.339 3.52 20
0.422 9.285 3.706 21
0.334 9.309 3.368 19
0.616 9.262 3.226 20
0.94 9.345 3.211 20
1.055 9.468 2.848 20
1.134 9.237 2.931 20
1.193 9.285 2.896 20
1.147 9.291 2.836 21
1.172 9.457 2.699 19
1.368 9.249 2.967 20
1.448 9.372 3.028 20
1.469 9.4 2.966 20
1.549 9.41 3.011 21
1.556 9.394 3.077 19
1.651 9.413 3.138 21
1.625 9.498 2.997 19
1.821 9.504 3.089 21
2.028 9.448 3.089 20
2.065 9.442 2.987 20
2.161 9.358 3.12 20
2.149 9.441 3.027 20
2.371 9.307 3.062 19
2.595 9.146 2.998 20
2.748 9.096 3.054 21
2.92 9.03 3.045 19
2.887 9.127 3.017 20
2.944 9.089 2.89 20
3.039 8.914 2.731 20
3.24 8.957 2.763 20
3.496 8.913 2.75 20
3.598 8.728 2.683 21
3.706 8.834 2.869 19
3.742 8.812 2.732 20
4.027 8.632 2.863 20
4.135 8.319 1.215 21
4.412 8.341 2.606 19
4.403 8.595 2.86 30
4.399 8.582 2.92 20
4.366 8.447 2.664 20
4.573 8.577 2.872 21
4.875 8.477 2.684 20
4.994 8.339 2.895 19
5.055 8.297 2.697 20
5.281 8.156 2.664 20
5.182 8.047 2.459 21
5.206 7.743 2.401 20
5.453 7.634 2.295 19
5.663 7.371 2.168 20
5.88 7.297 2.197 21
6.177 7.21 2.345 19
6.24 7.11 2.459 20
6.387 6.9 2.391 20
6.538 6.625 2.409 20
6.805 6.586 2.466 20
7.009 6.605 2.268 21
7.162 6.515 2.372 20
7.24 6.425 2.108 20
7.28 6.207 2.15 19
7.423 6.028 2.077 20
7.5 5.945 2.233 21
7.583 5.981 2.145 19
7.734 5.839 2.01 20
7.932 5.673 1.895 21
7.94 5.545 1.815 19
7.943 5.447 1.741 21
7.922 5.332 1.817 19
8.139 5.272 1.717 24
8.329 5.205 1.821 16
8.241 4.972 1.663 20
8.364 5.034 1.792 21
8.289 4.943 1.668 19
8.238 4.802 1.544 20
8.347 4.748 1.536 20
8.483 4.733 1.61 21
8.526 4.708 1.571 20
8.679 4.6 1.701 20
8.635 4.385 1.55 19
8.801 3.844 1.368 27
8.903 3.75 1.311 34
8.893 3.578 1.129 20
8.999 3.454 1.074 20
9.086 3.361 1.166 19
9.001 3.182 1.004 20
9.041 3.034 1.089 21
9.048 3.078 1.088 20
9.095 3.03 1.064 19
9.214 2.818 0.843 20
9.125 2.623 0.855 20
9.122 2.543 0.995 21
9.072 2.524 0.846 19
9.256 2.468 0.905 21
9.496 2.349 0.881 19
9.505 1.973 0.747 20
9.438 1.713 0.852 21
9.357 1.611 0.877 20
9.393 1.404 0.985 19
9.338 1.281 0.998 20
9.15 1.293 0.811 21
9.138 1.313 0.872 20
9.443 0.828 0.95 19
9.575 0.978 2.432 21
9.774 0.378 0.852 20
9.83 0.328 0.914 19
9.529 0.282 0.791 20
9.499 0.152 0.902 20
