0.184 9.933 3.226 21
0.096 10.095 3.165 19
-0.094 10.129 3.294 20
-0.231 10.021 3.291 21
-0.364 9.917 3.394 19
-0.205 9.677 3.402 20
-0.016 9.55 3.359 20
0.196 9.672 3.303 20
0.414 9.49 3.347 20
0.429 9.338 3.106 20
0.464 9.239 2.997 20
0.658 9.313 2.961 20
0.876 9.39 2.93 20
1.046 9.338 3.033 20
1.137 9.242 2.936 20
1.118 9.256 2.834 20
1.082 9.396 2.812 21
1.035 9.334 3.0 19
0.924 9.4 3.014 20
1.045 9.584 2.957 20
1.027 9.519 3.254 20
1.065 9.618 3.125 20
1.172 9.587 2.997 21
1.293 9.45 3.131 19
1.553 9.383 3.348 20
1.623 9.362 3.36 21
1.674 9.438 3.4 20
1.761 9.497 3.269 19
1.81 9.501 3.159 20
1.959 9.339 3.372 31
2.129 9.35 3.264 29
2.318 9.184 3.262 21
2.43 9.232 2.126 22
2.612 9.247 2.697 17
2.622 9.382 3.006 20
2.721 9.244 3.026 20
2.856 9.21 3.373 20
2.778 8.88 3.313 22
2.901 9.139 3.202 18
3.181 9.017 3.311 20
3.396 8.96 3.319 20
3.521 8.874 3.361 20
3.621 8.831 3.26 20
3.591 8.762 3.138 20
3.731 8.757 3.076 20
3.871 8.823 3.132 21
4.033 8.796 3.166 20
4.154 8.716 2.996 19
4.205 8.679 2.921 20
4.342 8.546 2.933 20
4.507 8.441 2.852 21
4.489 8.303 2.817 19
4.708 8.204 2.948 20
4.806 8.133 2.933 20
4.865 8.128 2.832 20
4.956 8.079 2.73 21
5.089 7.927 2.887 20
5.126 7.825 2.918 20
5.294 7.716 2.792 19
5.575 7.62 2.742 20
5.721 7.561 2.468 21
5.964 7.477 2.331 20
6.088 7.343 2.192 19
6.276 7.392 2.246 21
6.367 7.294 2.314 20
6.439 7.15 2.242 19
6.45 7.056 2.254 21
6.57 6.977 2.123 20
6.689 6.866 1.996 19
6.919 6.755 2.048 20
7.079 6.671 2.168 20
7.121 6.702 2.024 21
7.156 6.545 2.039 19
7.0 6.47 1.852 20
6.963 6.397 1.75 21
7.132 6.361 1.828 20
7.248 6.313 1.791 20
7.428 6.235 1.781 19
7.51 5.986 1.702 21
7.656 5.76 1.869 19
7.747 5.554 1.765 20
7.795 5.52 1.607 20
7.767 5.544 1.617 21
7.834 5.67 1.595 19
8.107 5.362 1.51 20
8.168 5.085 1.568 21
8.111 4.831 1.488 20
8.244 4.8 1.547 19
8.448 4.806 1.477 20
8.388 4.834 1.298 21
8.516 4.622 1.301 20
8.657 4.339 1.189 21
8.441 4.248 1.122 18
8.475 4.2 1.369 21
8.605 4.19 1.174 19
8.759 3.986 1.156 20
8.951 3.606 1.22 21
8.994 3.519 1.318 19
9.09 3.329 1.186 20
9.077 3.165 1.306 20
9.079 3.016 1.167 21
9.334 2.921 1.401 19
9.429 2.755 1.137 21
9.395 2.703 1.271 20
9.375 2.585 1.215 19
9.251 2.343 0.866 20
9.277 2.29 0.823 20
9.405 2.397 0.991 21
9.578 2.278 1.171 19
9.619 1.816 1.113 20
9.454 1.462 1.028 21
9.481 1.427 1.24 20
9.457 1.545 1.325 19
9.565 1.79 1.464 21
9.578 1.62 1.253 20
9.639 1.153 1.179 20
9.583 0.934 1.249 19
9.504 0.81 1.044 20
9.511 0.869 1.045 21
9.472 1.014 1.181 20
9.784 0.925 1.405 19
9.843 0.761 1.363 21
9.61 0.501 1.311 20
9.454 0.383 1.202 19
9.604 0.534 1.398 20
9.708 0.405 1.438 21
9.705 0.269 1.354 20
9.612 0.057 1.351 19
9.22 -0.256 2.263 20
9.679 -0.688 0.711 21
9.819 -0.589 1.179 20
9.535 -0.643 1.19 19
9.516 -0.629 1.39 21
