0.831 9.637 4.215 19
0.726 9.568 4.182 20
0.45 9.468 4.179 21
0.316 9.348 4.1 20
0.277 9.291 4.162 19
0.456 9.369 4.279 20
0.543 9.462 4.267 20
0.663 9.315 4.152 20
0.677 9.388 3.976 20
0.53 9.406 3.997 21
0.416 9.348 3.985 19
0.431 9.283 4.022 21
0.298 9.133 4.202 19
0.138 9.274 4.148 20
0.073 9.266 3.932 21
0.144 9.235 3.948 20
0.225 9.256 3.958 20
0.312 9.174 3.96 19
0.267 9.092 3.999 20
0.223 9.243 4.065 20
0.232 9.166 4.052 20
0.29 9.298 3.986 20
0.52 9.211 3.9 20
0.638 9.414 3.911 20
0.719 9.507 3.946 21
0.567 9.329 2.87 19
0.564 9.383 3.415 20
0.501 9.492 4.06 20
0.591 9.481 4.208 20
0.508 9.406 4.3 20
0.453 9.565 4.302 20
0.644 9.57 4.237 20
0.746 9.576 4.051 20
0.756 9.481 4.016 20
0.781 9.448 3.895 20
0.781 9.489 3.694 20
0.871 9.553 3.64 20
1.07 9.545 3.655 20
1.171 9.586 3.593 20
1.259 9.447 3.551 21
1.301 9.327 3.507 19
1.36 9.204 3.429 20
1.409 9.232 3.426 20
1.486 9.268 3.36 20
1.597 9.242 3.324 21
1.741 9.178 3.285 19
1.899 9.196 3.265 20
2.004 9.21 3.176 20
2.112 9.204 3.169 20
2.168 9.226 3.212 21
2.217 9.219 3.064 19
2.372 9.142 3.139 20
2.561 9.098 3.057 20
2.738 9.087 3.084 20
2.802 9.151 2.969 20
2.965 9.138 3.026 20
3.063 9.093 2.98 20
3.154 8.94 2.954 20
3.245 8.828 2.864 21
3.32 8.859 2.876 20
3.541 8.947 2.939 19
3.69 8.956 3.063 20
3.747 8.855 3.006 20
3.832 8.831 3.123 20
3.935 8.759 3.147 21
3.951 8.747 3.065 19
4.018 8.701 2.954 20
4.102 8.62 3.017 20
4.15 8.564 2.863 20
4.273 8.535 2.872 21
4.568 8.452 3.018 19
4.522 8.52 2.985 20
4.551 8.442 2.985 20
4.594 8.226 2.979 20
4.625 8.162 2.924 24
4.732 8.044 2.994 16
4.699 8.091 2.845 20
4.748 8.175 2.833 20
4.926 8.137 2.789 21
5.136 8.067 2.774 20
5.294 8.007 2.783 19
5.467 7.937 2.742 20
5.555 7.825 2.745 20
5.46 7.749 2.653 21
5.482 7.714 2.7 20
5.605 7.796 2.769 19
5.822 7.606 2.708 20
6.035 7.424 2.76 20
6.09 7.339 2.737 20
6.163 7.344 2.658 21
6.272 7.357 2.705 19
6.453 7.308 2.703 20
6.417 7.283 2.651 20
6.44 7.131 2.771 20
6.472 6.992 2.762 21
6.513 6.982 2.684 19
6.623 6.937 2.833 20
6.767 6.829 2.828 20
6.78 6.776 2.751 20
6.75 6.547 2.75 21
6.949 6.514 2.816 19
6.934 6.395 2.779 20
7.085 6.564 2.78 20
7.258 6.473 2.765 20
7.3 6.315 2.702 21
7.359 6.255 2.721 19
7.477 6.134 2.745 20
7.526 6.089 2.762 20
7.589 6.024 2.737 20
7.525 5.904 2.46 21
7.55 5.792 2.398 19
7.601 5.795 2.434 20
7.678 5.676 2.283 20
7.728 5.688 2.422 21
7.723 5.698 2.25 20
7.897 5.615 2.32 19
8.032 5.379 2.415 20
8.084 5.215 2.308 20
8.184 5.094 2.477 20
8.254 5.069 2.349 21
8.193 5.083 2.227 19
8.15 5.039 2.22 20
8.352 4.879 2.263 20
8.456 4.651 2.117 20
8.449 4.465 2.1 20
8.346 4.496 2.014 20
8.462 4.539 2.092 21
8.504 4.343 2.095 19
8.679 4.283 2.04 20
8.726 3.998 2.105 21
8.972 3.985 2.208 19
9.012 3.745 2.329 20
8.739 3.84 2.148 20
8.696 3.822 2.095 20
8.855 3.787 2.227 21
8.861 3.502 2.162 20
9.2 3.273 2.36 19
8.884 3.224 2.083 20
8.923 3.282 2.072 20
9.122 3.354 2.059 21
9.181 3.197 2.167 19
9.302 2.848 2.059 20
9.416 2.707 2.538 20
9.126 2.24 2.44 20
9.248 2.208 2.544 21
9.48 2.226 2.621 19
9.348 2.026 2.462 20
9.262 1.904 2.283 20
9.432 1.686 2.133 20
10.069 1.662 3.542 20
9.645 1.087 1.922 20
9.788 1.396 1.939 20
9.738 0.652 2.676 20
9.599 0.574 2.894 20
9.54 0.711 2.494 21
9.911 0.979 3.174 20
10.043 0.954 2.708 19
