0.167 9.484 3.703 20
0.058 9.63 3.596 21
0.005 9.55 3.579 20
0.013 9.438 3.564 19
0.014 9.472 3.46 20
0.016 9.508 3.606 20
0.355 9.665 3.703 23
0.49 9.638 3.599 17
0.543 9.463 3.508 20
0.421 9.514 3.438 20
0.508 9.641 3.622 20
0.451 9.636 3.609 20
0.324 9.501 3.628 20
0.292 9.407 3.612 20
0.252 9.28 3.539 20
0.288 9.402 3.505 21
0.329 9.42 3.603 20
0.205 9.524 3.519 19
0.286 9.495 3.427 20
0.225 9.62 3.586 21
0.211 9.68 3.555 20
0.35 9.656 3.547 21
0.385 9.498 3.579 18
0.398 9.509 3.454 20
0.498 9.522 3.509 21
0.553 9.471 3.408 19
0.619 9.309 3.392 20
0.506 9.284 3.228 20
0.621 9.362 3.047 20
0.814 9.447 3.054 20
0.79 9.387 3.07 20
0.949 9.461 3.153 20
0.889 9.504 3.191 21
0.899 9.405 3.29 19
0.816 9.266 3.252 20
0.797 9.435 3.305 20
0.972 9.562 3.511 30
1.108 9.586 3.569 30
1.064 9.483 3.574 20
1.135 9.459 3.659 20
1.22 9.438 3.733 21
1.283 9.388 3.714 20
1.493 9.399 3.731 19
1.522 9.504 3.677 20
1.636 9.546 3.629 20
1.755 9.492 3.695 21
1.786 9.417 3.592 19
1.981 9.319 3.751 20
2.039 9.241 3.626 20
2.096 9.247 3.616 20
2.288 9.162 3.566 21
2.448 9.154 3.484 19
2.399 9.119 3.391 20
2.612 9.081 3.423 20
2.885 9.198 3.463 20
3.035 8.953 3.435 21
3.003 8.932 3.412 19
3.023 8.848 3.308 20
3.05 8.863 3.259 20
3.074 8.828 3.247 20
3.291 8.902 3.091 21
3.518 8.683 3.029 20
3.584 8.618 3.009 19
3.652 8.705 3.017 20
3.764 8.841 2.982 20
3.883 8.811 2.932 21
3.902 8.659 2.826 21
3.96 8.587 2.914 18
3.979 8.616 2.832 20
4.008 8.708 2.884 20
4.083 8.635 3.012 21
4.163 8.569 2.907 26
4.358 8.414 3.085 33
4.517 8.584 3.068 20
4.732 8.447 2.978 21
4.804 8.44 3.187 20
4.956 8.305 3.011 19
5.107 8.15 2.945 20
5.192 8.113 2.9 20
5.248 8.115 2.768 21
5.37 8.086 2.803 20
5.451 8.007 2.906 20
5.548 7.787 2.724 19
5.709 7.585 2.865 20
5.804 7.607 2.923 21
5.884 7.6 2.821 21
5.939 7.61 2.839 18
5.81 7.466 2.796 20
5.877 7.43 2.723 20
6.009 7.255 2.648 21
6.159 7.147 2.65 19
6.362 7.211 2.733 20
6.444 7.285 2.547 21
6.478 7.079 2.377 19
6.473 6.888 2.501 21
6.665 6.89 2.605 19
6.779 6.659 2.519 20
6.812 6.685 2.618 20
6.885 6.691 1.962 20
7.18 6.849 2.711 21
6.965 6.65 2.387 20
7.123 6.753 2.172 19
7.265 6.643 2.62 20
7.334 6.458 3.143 20
7.258 6.435 2.988 21
7.465 6.088 3.089 19
7.243 6.042 3.0 20
7.313 6.059 3.24 20
7.498 5.818 3.21 20
7.81 5.71 2.913 21
7.898 5.698 2.731 20
7.819 5.674 2.64 19
7.937 5.483 2.457 22
7.892 5.239 2.475 18
7.971 5.236 2.492 21
8.105 5.07 2.466 20
8.212 4.815 2.304 26
8.468 4.489 2.323 33
8.44 4.447 2.333 21
8.514 4.591 2.389 20
8.467 4.56 2.434 19
8.522 4.445 2.44 20
8.587 4.235 2.414 20
8.665 4.146 2.283 21
8.659 4.156 2.065 21
8.774 4.233 2.011 19
8.857 4.112 1.948 19
8.828 3.828 2.126 20
8.814 3.754 1.967 21
8.905 3.688 1.937 19
8.903 3.495 2.039 20
8.941 3.524 1.924 20
9.045 3.548 2.029 20
9.116 3.295 1.906 21
9.192 3.038 1.898 19
9.206 2.897 2.014 20
9.164 2.935 2.052 20
9.176 3.01 2.056 20
9.248 3.088 2.009 21
9.267 2.884 2.038 20
9.487 2.571 2.104 19
9.338 2.294 2.06 20
9.123 2.311 2.075 20
9.126 2.525 2.028 21
9.146 2.456 2.047 20
9.377 2.535 2.041 19
9.607 2.301 1.942 20
9.662 1.87 2.036 20
9.314 1.574 2.054 20
9.345 1.809 2.133 21
9.414 1.743 2.053 19
9.523 1.759 1.943 20
9.655 1.848 1.935 20
9.617 1.605 1.845 21
9.445 0.991 1.646 20
9.341 0.96 1.743 19
9.57 0.834 1.814 20
9.74 0.844 1.923 20
9.693 0.705 1.609 21
9.817 0.511 1.202 19
9.872 0.068 1.034 20
10.079 0.069 1.694 20
10.031 0.318 2.436 20
10.084 0.253 2.85 20
9.611 -0.275 1.735 20
