0.366 9.642 3.387 19
0.415 9.619 3.335 21
0.269 9.502 3.484 19
0.037 9.533 3.535 20
0.246 9.632 3.483 21
0.392 9.474 3.45 19
0.403 9.448 3.315 20
0.484 9.519 3.321 20
0.461 9.475 3.438 20
0.425 9.51 3.165 20
0.411 9.528 3.271 20
0.627 9.569 3.169 21
0.688 9.408 3.254 19
0.657 9.425 3.489 20
0.462 9.497 3.569 21
0.419 9.588 3.464 19
0.459 9.547 3.266 20
0.474 9.598 3.307 20
0.372 9.649 3.296 20
-0.299 9.541 1.882 26
0.344 9.568 3.628 34
0.519 9.638 3.648 20
0.508 9.606 3.733 20
0.136 9.551 3.131 20
0.379 9.538 3.399 20
0.596 9.419 3.524 20
0.628 9.519 3.153 20
0.708 9.571 3.045 20
0.628 9.618 2.875 21
0.587 9.672 2.936 20
0.641 9.745 3.1 19
0.698 9.721 3.091 20
0.758 9.534 3.216 20
0.91 9.418 3.315 21
0.943 9.478 3.586 20
0.947 9.426 3.57 19
1.02 9.475 3.412 21
0.959 9.514 3.248 19
1.017 9.517 3.24 20
1.019 9.508 3.211 20
1.099 9.475 3.259 21
1.177 9.474 3.173 19
1.361 9.484 3.363 20
1.434 9.536 3.244 21
1.356 9.51 3.119 19
1.478 9.435 3.139 20
1.519 9.414 3.074 20
1.671 9.404 3.108 20
1.692 9.46 3.046 20
1.722 9.45 3.143 20
1.76 9.32 3.15 21
1.877 9.151 3.057 20
2.069 9.204 3.053 19
2.157 9.348 3.103 21
2.27 9.376 3.276 20
2.29 9.392 3.191 19
2.36 9.271 3.202 20
2.539 9.287 3.221 20
2.573 9.287 3.169 21
2.605 9.285 3.192 19
2.682 9.2 3.143 20
2.718 9.085 3.075 21
2.815 8.944 3.088 19
2.9 8.948 3.171 21
2.966 9.053 3.221 20
3.002 9.056 3.191 20
3.19 8.892 3.101 19
3.32 8.751 3.066 20
3.596 8.741 3.082 21
3.751 8.661 3.054 20
3.752 8.775 2.84 19
3.743 8.751 2.858 20
3.87 8.719 2.857 21
3.954 8.54 2.814 20
4.094 8.508 2.739 19
4.133 8.49 2.723 21
4.102 8.498 2.59 20
4.158 8.629 2.581 19
4.281 8.596 2.794 20
4.431 8.42 2.862 21
4.594 8.308 2.906 19
4.727 8.242 2.871 20
4.695 8.261 2.702 20
4.655 8.325 2.579 21
4.72 8.329 2.646 19
4.895 8.222 2.689 20
5.096 8.195 2.671 20
5.31 8.084 2.617 21
5.508 7.883 2.681 20
5.564 7.848 2.608 20
5.64 7.876 2.662 20
5.617 7.823 2.495 19
5.728 7.689 2.657 20
5.976 7.71 2.675 21
6.09 7.635 2.465 20
6.209 7.552 2.484 19
6.362 7.563 2.526 20
6.5 7.399 2.533 21
6.713 7.169 2.406 20
6.87 6.807 2.353 20
7.015 6.643 2.3 19
7.061 6.449 2.181 21
7.073 6.369 2.301 19
7.272 6.442 2.389 20
7.183 6.259 2.144 21
7.386 6.203 2.002 20
7.571 5.998 2.166 19
7.555 5.971 1.911 20
7.909 5.793 2.117 21
7.855 5.81 1.987 20
7.825 5.576 1.959 19
7.919 5.211 1.825 20
8.01 4.987 1.974 21
7.879 5.131 1.922 19
7.982 5.521 2.008 20
8.175 5.261 2.053 21
8.369 4.779 1.924 20
8.278 4.379 1.726 19
8.32 4.412 1.838 21
8.384 4.343 1.868 20
8.481 4.593 1.75 20
8.624 4.629 1.636 19
8.708 4.197 1.489 20
8.8 3.968 1.698 21
8.931 3.932 1.781 19
8.884 3.89 1.779 20
8.968 3.984 1.947 21
8.968 3.81 1.886 20
8.993 3.496 1.769 20
9.001 3.438 1.813 19
9.117 3.265 1.797 21
9.168 3.349 1.723 19
9.302 3.082 1.496 20
9.341 2.797 1.589 21
9.346 2.681 1.387 19
9.466 2.468 1.577 20
9.455 2.236 1.471 20
9.303 2.156 1.266 21
9.352 2.183 1.307 20
9.404 1.944 1.325 19
9.486 1.755 1.287 20
9.502 1.5 1.305 21
9.521 1.508 1.396 19
9.58 1.277 1.48 21
9.588 1.256 1.419 19
9.411 1.343 1.355 20
9.387 1.193 1.16 20
9.336 0.974 1.214 20
9.505 0.925 1.322 21
9.656 0.778 1.342 19
10.117 1.023 2.475 20
9.644 0.481 1.167 20
9.536 0.25 1.247 21
9.643 -0.045 1.396 20
9.74 -0.27 1.797 19
9.826 -0.195 1.683 21
